32 25 82 6 77  => 12
65 62 78 14 10  => 12
49 53 19 7 67  => 11
11 89 75 22 37  => 10
8 22 14 21 27  => 10
94 23 53 70 17  => 11
31 9 99 57 1  => 12
1 38 48 96 12  => 11
22 93 60 90 74  => 10
96 69 47 18 50  => 9
88 76 55 46 41  => 10
35 53 11 72 90  => 11
7 38 90 70 77  => 11
7 4 24 91 35  => 12
27 90 71 50 95  => 10
27 94 8 55 35  => 11
7 75 78 57 77  => 11
76 84 40 34 20  => 11
55 49 47 28 100  => 9
6 99 66 7 61  => 10
94 98 6 63 59  => 11
36 43 54 78 97  => 11
68 94 47 61 38  => 11
96 67 93 89 17  => 11
88 33 83 26 64  => 10
97 51 26 5 76  => 9
42 73 75 99 58  => 11
69 84 56 3 94  => 11
89 67 57 84 80  => 10
37 78 26 49 17  => 11
93 54 51 40 84  => 9
54 62 32 67 50  => 11
53 89 30 80 34  => 11
86 63 96 50 56  => 12
5 86 59 92 85  => 10
91 21 80 93 73  => 11
32 26 20 42 28  => 10
77 92 27 81 64  => 11
2 44 16 27 97  => 10
65 75 80 93 4  => 11
93 6 80 22 13  => 11
19 33 61 81 90  => 11
11 90 27 72 30  => 10
17 80 48 4 76  => 10
63 88 52 32 90  => 11
2 18 82 37 38  => 11
4 87 41 85 12  => 10
95 35 11 55 69  => 9
33 70 46 22 68  => 10
41 42 32 85 10  => 11
41 21 56 33 29  => 12
98 65 82 76 47  => 11
4 9 78 96 86  => 11
95 22 23 90 92  => 10
61 23 14 47 85  => 9
25 22 61 34 81  => 12
64 4 34 18 80  => 10
55 23 95 24 61  => 12
9 84 34 67 24  => 10
45 98 5 1 22  => 11
16 52 1 51 54  => 11
67 28 69 77 34  => 12
53 2 12 71 25  => 11
82 43 84 29 56  => 12
5 32 43 83 76  => 11
87 56 68 91 77  => 11
82 97 16 3 23  => 11
30 5 73 65 64  => 12
71 40 21 12 88  => 9
55 96 39 71 4  => 11
88 58 19 84 75  => 10
77 30 99 39 82  => 12
86 60 74 26 50  => 10
91 53 74 94 76  => 11
47 6 9 36 21  => 11
48 1 29 65 7  => 11
97 49 13 96 1  => 10
1 58 73 77 93  => 11
84 89 22 70 15  => 11
58 45 60 82 57  => 12
23 18 8 97 11  => 10
64 7 84 82 92  => 12
67 57 13 9 66  => 9
36 12 73 32 70  => 12
18 83 31 32 46  => 10
71 23 13 80 42  => 10
87 97 24 8 47  => 11
63 86 24 46 6  => 11
65 99 61 49 47  => 11
34 94 63 55 87  => 10
50 67 28 53 94  => 11
75 59 69 35 10  => 11
48 74 15 52 81  => 11
84 1 67 74 53  => 11
56 84 45 100 33  => 11
26 93 76 48 37  => 10
5 82 58 21 92  => 10
97 20 94 13 86  => 10
65 83 82 18 63  => 10
84 47 97 43 93  => 12
61 53 90 83 97  => 12
34 87 31 88 47  => 11
69 19 95 34 86  => 12
50 1 44 60 65  => 10
85 23 90 68 9  => 12
37 28 84 46 98  => 12
7 4 100 30 90  => 12
46 5 72 88 91  => 12
5 41 18 29 99  => 10
74 60 68 88 79  => 11
50 18 28 34 70  => 10
79 57 9 87 26  => 10
4 30 67 27 56  => 11
18 26 33 89 59  => 11
64 91 74 72 55  => 10
57 73 59 63 86  => 10
55 49 10 80 45  => 10
30 61 24 84 40  => 11
81 93 45 1 49  => 11
74 26 64 82 49  => 11
78 48 71 45 41  => 11
90 93 59 80 28  => 11
78 28 2 13 72  => 9
27 56 89 23 79  => 11
39 75 69 87 9  => 10
60 29 74 1 56  => 12
70 16 22 19 92  => 10
65 87 76 82 67  => 10
65 24 75 76 99  => 12
8 25 51 67 85  => 11
84 58 55 66 19  => 10
46 63 15 20 80  => 11
36 35 33 23 48  => 9
29 91 17 88 36  => 11
1 56 61 35 20  => 11
98 42 76 81 89  => 10
70 9 16 80 61  => 11
95 80 84 48 4  => 11
43 92 56 57 12  => 10
88 82 3 65 8  => 10
72 40 45 7 2  => 11
31 87 20 47 11  => 11
11 42 89 96 54  => 11
50 93 89 95 4  => 10
66 27 85 25 48  => 12
6 50 98 4 37  => 11
14 39 20 46 48  => 10
64 5 88 55 75  => 12
35 63 42 95 61  => 10
76 99 62 32 29  => 11
70 62 80 31 24  => 12
91 74 61 98 56  => 10
82 83 43 61 88  => 11
25 14 76 49 41  => 12
77 72 49 17 22  => 9
66 44 70 67 48  => 12
46 4 1 26 39  => 9
87 81 26 1 68  => 9
85 79 56 6 22  => 9
5 99 38 14 20  => 10
45 72 25 100 43  => 11
92 26 32 10 67  => 10
55 22 54 17 60  => 10
93 76 18 2 14  => 9
65 18 81 57 88  => 12
40 36 1 53 66  => 9
90 80 3 72 73  => 9
49 80 58 35 39  => 10
12 4 58 92 84  => 12
31 6 35 21 41  => 12
61 16 99 7 52  => 12
24 20 5 82 42  => 10
8 62 98 22 7  => 11
43 63 37 4 50  => 11
12 94 88 36 23  => 10
82 98 22 87 11  => 11
85 16 87 36 77  => 12
61 43 1 42 9  => 10
17 60 46 67 47  => 10
61 12 35 44 32  => 11
51 70 57 10 47  => 10
83 25 3 10 93  => 9
47 98 32 65 52  => 11
85 1 78 24 63  => 10
39 9 95 99 72  => 12
2 13 89 14 91  => 11
17 3 68 69 54  => 12
83 51 85 48 64  => 12
32 35 51 93 3  => 11
10 2 95 69 5  => 12
13 68 27 65 24  => 10
24 94 64 92 39  => 10
94 55 66 70 57  => 11
43 89 75 34 42  => 10
43 37 79 30 27  => 12
91 85 89 55 30  => 11
45 6 76 40 78  => 12
41 23 6 49 40  => 10
71 9 64 1 48  => 10
79 35 29 25 84  => 9
88 30 4 24 6  => 10
61 30 20 57 60  => 9
42 20 35 29 25  => 11
14 11 74 94 80  => 12
30 78 84 76 79  => 11
60 89 92 47 22  => 11
77 67 30 94 23  => 10
38 90 7 55 95  => 11
8 69 85 73 5  => 11
40 30 26 85 87  => 9
99 98 33 70 1  => 10
36 100 52 38 21  => 10
15 17 91 44 23  => 11
67 100 10 37 64  => 11
33 75 9 83 18  => 11
60 59 41 80 79  => 10
37 94 93 89 100  => 10
36 65 60 1 20  => 10
14 46 90 48 54  => 11
54 76 1 5 37  => 11
82 27 12 63 98  => 9
37 36 42 30 45  => 12
89 97 38 95 87  => 11
97 33 67 4 3  => 11
11 20 36 87 61  => 11
17 75 91 3 32  => 11
61 73 32 34 5  => 11
92 88 40 20 39  => 9
50 55 75 72 44  => 11
71 94 88 30 1  => 10
96 85 69 67 61  => 10
74 28 64 62 67  => 10
86 50 67 14 33  => 10
100 2 48 73 23  => 11
88 97 69 98 93  => 11
92 43 18 74 62  => 10
36 63 7 53 93  => 11
14 95 61 34 66  => 10
11 53 85 23 22  => 11
46 2 38 35 98  => 10
97 29 46 92 100  => 10
80 64 12 48 49  => 9
99 92 81 80 76  => 10
58 6 92 91 16  => 12
24 72 68 91 45  => 10
10 11 70 46 44  => 11
65 26 74 19 54  => 12
18 19 43 31 52  => 11
47 49 62 38 95  => 11
69 68 40 73 20  => 10
77 45 59 71 32  => 11
62 38 81 66 32  => 12
100 70 72 48 33  => 11
24 59 80 94 58  => 11
45 38 72 63 90  => 12
12 50 69 54 38  => 11
16 82 23 2 70  => 10
23 39 98 80 96  => 11
73 78 5 66 58  => 11
94 44 67 62 60  => 11
95 23 53 97 20  => 11
60 98 84 30 79  => 10
35 42 12 48 87  => 11
41 29 86 47 37  => 12
100 69 84 97 83  => 11
96 43 55 52 23  => 11
71 69 28 90 42  => 10
37 17 68 100 65  => 12
1 34 12 59 58  => 10
23 84 21 49 12  => 11
32 46 31 58 100  => 11
72 99 76 49 44  => 10
81 47 33 87 64  => 10
72 28 6 41 45  => 9
72 21 14 89 10  => 10
26 13 23 96 86  => 11
82 38 5 26 33  => 9
90 57 64 48 62  => 10
97 53 30 75 67  => 10
87 89 77 37 96  => 11
55 27 11 36 69  => 9
100 43 89 11 2  => 11
59 64 16 29 67  => 11
2 36 42 78 61  => 11
35 93 55 63 12  => 10
19 60 97 89 62  => 11
93 36 77 33 52  => 10
73 28 52 72 51  => 11
99 75 85 3 58  => 10
98 7 2 92 81  => 10
77 96 85 33 73  => 10
8 92 36 15 42  => 10
46 87 1 77 3  => 11
41 56 15 63 86  => 11
12 63 41 10 9  => 10
58 99 17 49 23  => 11
92 93 90 91 50  => 11
60 76 4 88 41  => 11
14 19 65 70 7  => 11
76 61 92 23 91  => 12
35 78 33 28 6  => 11
69 37 59 88 57  => 11
60 48 19 65 39  => 10
64 69 82 92 80  => 11
27 79 57 59 28  => 10
22 91 75 7 56  => 10
75 52 99 54 61  => 12
66 62 42 89 47  => 10
89 24 98 81 15  => 12
30 65 50 12 17  => 10
44 93 98 82 97  => 11
78 31 1 66 72  => 9
80 39 34 66 43  => 10
43 4 12 28 13  => 11
39 45 97 61 90  => 11
60 53 85 50 93  => 12
34 76 83 33 47  => 11
79 38 82 26 34  => 12
98 43 19 78 42  => 10
87 84 41 31 99  => 9
43 31 18 23 44  => 9
100 92 43 71 94  => 9
72 81 46 67 66  => 11
97 3 73 91 89  => 11
29 44 80 28 92  => 11
25 31 75 52 96  => 11
87 36 52 92 65  => 11
86 93 81 94 51  => 11
60 72 69 75 77  => 10
36 57 10 4 38  => 11
46 36 61 64 26  => 12
70 45 18 44 38  => 10
15 21 22 23 57  => 11
46 93 99 56 28  => 11
11 82 51 65 35  => 10
7 44 63 93 97  => 11
43 44 21 19 69  => 11
1 3 46 29 28  => 11
99 21 63 97 45  => 11
20 75 38 35 3  => 10
82 18 9 63 59  => 10
63 71 99 94 100  => 11
38 57 87 85 13  => 11
40 62 28 7 63  => 11
17 45 71 19 80  => 11
33 82 86 69 18  => 11
45 17 33 85 90  => 10
51 100 29 88 58  => 11
24 86 98 21 71  => 11
70 23 5 67 51  => 10
11 53 66 13 64  => 11
97 53 85 25 6  => 11
40 36 18 99 94  => 10
76 77 97 78 99  => 11
7 34 5 35 78  => 11
85 5 13 68 71  => 10
11 5 68 94 35  => 12
36 44 16 4 47  => 11
98 44 25 77 48  => 10
92 49 69 38 72  => 10
34 94 18 95 60  => 11
49 20 91 87 94  => 12
47 78 56 44 52  => 10
43 10 24 78 93  => 10
65 98 8 9 58  => 11
88 37 66 17 78  => 10
5 92 28 55 48  => 10
9 54 92 81 30  => 11
93 95 68 22 38  => 11
22 55 59 72 32  => 11
17 44 58 50 39  => 11
36 57 16 10 78  => 11
13 28 65 84 94  => 11
7 87 67 40 59  => 10
73 36 34 48 91  => 9
73 11 66 63 47  => 11
15 51 44 79 90  => 10
62 35 42 27 85  => 10
21 23 17 19 45  => 11
89 71 24 41 11  => 10
59 17 72 98 9  => 12
80 33 12 8 23  => 9
74 56 40 54 41  => 10
50 66 91 40 30  => 11
81 75 65 57 2  => 10
4 69 54 18 38  => 10
80 99 12 64 65  => 11
9 68 43 57 84  => 10
40 83 3 25 92  => 11
17 42 78 35 34  => 11
15 11 47 37 8  => 12
60 69 29 90 11  => 11
11 15 93 78 88  => 11
82 28 88 84 7  => 12
95 10 21 12 39  => 10
97 99 2 16 61  => 11
16 85 2 26 43  => 11
55 99 6 3 97  => 11
1 52 55 96 44  => 11
9 6 80 52 75  => 12
75 12 13 23 96  => 10
89 57 14 87 16  => 10
87 35 13 67 55  => 10
48 86 29 40 52  => 11
22 97 61 66 20  => 10
77 90 31 69 41  => 11
19 43 45 65 98  => 11
9 4 17 21 1  => 12
52 19 64 61 22  => 12
17 65 54 97 1  => 10
77 48 22 6 17  => 9
58 7 30 91 43  => 11
74 96 18 57 38  => 11
38 49 92 71 84  => 11
63 43 91 75 40  => 12
60 94 9 20 45  => 11
5 44 58 27 33  => 11
88 5 75 85 80  => 11
94 62 87 30 15  => 11
83 44 68 9 27  => 10
56 94 72 80 42  => 10
67 6 51 69 31  => 11
23 78 42 69 8  => 10
21 31 14 41 51  => 11
54 99 59 53 66  => 10
9 98 31 77 82  => 10
22 47 84 32 45  => 11
58 55 11 59 22  => 10
72 35 63 8 32  => 10
6 96 9 70 31  => 10
3 67 52 23 10  => 10
36 59 86 71 58  => 11
84 67 79 100 9  => 11
29 92 21 85 66  => 11
20 1 6 15 63  => 10
14 21 20 1 53  => 10
86 54 30 42 92  => 9
26 42 22 47 30  => 11
16 85 31 62 74  => 10
73 76 29 15 68  => 11
43 5 21 93 69  => 11
33 19 26 92 69  => 11
23 80 65 75 28  => 10
23 64 99 41 61  => 11
93 70 58 42 11  => 10
81 95 97 57 45  => 11
72 98 92 48 84  => 10
22 15 53 27 33  => 12
70 91 14 86 98  => 11
63 35 2 51 16  => 10
60 71 13 12 11  => 11
48 12 35 49 16  => 11
15 53 29 82 61  => 10
16 14 67 98 27  => 12
1 98 29 70 23  => 10
96 55 60 6 86  => 10
81 87 50 34 2  => 11
12 58 72 27 20  => 11
9 23 51 8 15  => 11
58 25 33 43 50  => 10
9 85 14 46 22  => 10
32 8 6 91 88  => 10
57 58 8 49 86  => 11
33 18 50 32 28  => 12
79 45 60 55 78  => 10
97 83 57 61 95  => 9
61 80 31 93 16  => 11
21 50 79 43 48  => 11
65 16 15 80 57  => 10
72 74 30 15 20  => 11
86 78 95 89 57  => 12
80 96 98 64 69  => 11
1 20 76 29 85  => 11
88 21 56 51 77  => 10
44 53 52 32 14  => 10
1 92 64 70 77  => 10
5 36 57 84 15  => 11
52 23 60 67 36  => 12
90 96 95 57 22  => 10
69 65 24 97 51  => 10
87 46 63 34 37  => 10
11 20 82 76 72  => 11
27 97 70 4 83  => 10
80 21 49 96 35  => 11
81 38 62 30 24  => 11
90 28 71 91 23  => 11
50 1 14 87 94  => 10
77 91 68 32 49  => 11
35 60 46 59 57  => 10
72 24 71 56 67  => 10
47 95 88 1 97  => 10
54 56 65 14 2  => 11
68 14 57 61 13  => 11
71 6 41 97 9  => 11
61 7 24 26 71  => 10
85 68 100 59 98  => 12
51 1 59 65 38  => 12
78 37 1 89 85  => 10
68 78 5 1 70  => 11
68 9 44 90 5  => 11
8 58 55 35 61  => 10
83 42 58 18 5  => 11
30 64 93 7 23  => 11
49 98 96 2 73  => 10
73 87 90 83 32  => 11
52 2 16 8 3  => 11
55 65 6 44 22  => 11
66 59 36 4 80  => 9
34 18 90 66 12  => 12
83 6 56 22 47  => 10
98 36 29 17 73  => 9
52 2 73 36 72  => 12
67 20 26 28 63  => 10
33 53 78 94 49  => 11
80 88 36 94 99  => 11
24 32 8 16 4  => 11
9 71 88 17 41  => 11
86 30 67 95 20  => 11
35 95 2 50 67  => 11
38 67 95 82 23  => 11
85 70 31 8 88  => 9
91 49 98 50 6  => 12
14 25 63 59 23  => 11
78 84 2 3 70  => 11
40 41 49 92 66  => 11
87 32 63 26 28  => 10
66 44 61 22 59  => 10
58 25 11 36 6  => 10
69 81 6 37 63  => 11
3 31 97 22 66  => 11
61 48 19 34 79  => 9
33 70 77 5 60  => 11
58 54 11 30 82  => 9
50 54 79 72 34  => 11
58 53 90 71 3  => 12
7 17 22 36 49  => 11
73 7 51 83 33  => 11
41 15 39 52 94  => 10
49 52 83 97 7  => 11
31 43 42 94 47  => 10
85 39 75 78 64  => 11
94 95 39 26 80  => 11
49 74 31 68 91  => 11
24 20 17 79 97  => 9
64 12 72 13 15  => 12
4 57 62 54 45  => 11
8 2 70 96 77  => 12
25 24 73 49 96  => 12
42 96 67 95 12  => 10
93 24 74 45 33  => 11
56 37 98 41 40  => 12
69 78 48 22 45  => 11
90 1 57 81 63  => 11
27 77 17 71 29  => 11
75 72 29 70 98  => 9
48 9 22 34 19  => 11
75 11 53 7 26  => 10
15 75 10 5 28  => 11
96 69 28 75 16  => 10
66 72 83 33 29  => 11
40 74 5 92 34  => 11
8 36 74 48 41  => 11
16 19 85 73 63  => 11
70 62 29 40 88  => 9
57 72 90 3 39  => 11
17 41 82 60 19  => 11
79 73 67 24 72  => 9
15 62 91 58 59  => 11
74 5 8 47 30  => 11
14 77 11 6 16  => 11
29 97 9 66 90  => 11
44 51 49 61 64  => 10
94 89 40 91 99  => 9
78 36 18 73 87  => 9
71 26 74 85 72  => 12
80 42 59 87 74  => 11
26 16 5 42 89  => 9
31 75 44 27 37  => 10
20 63 49 33 36  => 10
47 23 46 95 4  => 11
27 17 97 80 23  => 12
56 20 89 15 24  => 12
2 86 65 11 51  => 10
40 96 11 98 68  => 11
84 9 14 85 3  => 11
89 51 37 9 6  => 10
57 12 81 75 44  => 12
42 95 11 48 14  => 11
66 88 4 40 94  => 11
8 83 68 67 59  => 10
37 74 38 87 71  => 10
20 66 92 55 73  => 11
32 92 1 5 26  => 11
9 89 71 8 65  => 10
17 79 81 91 36  => 11
52 9 34 53 100  => 10
85 12 84 9 24  => 10
90 71 32 85 41  => 10
98 35 51 79 8  => 11
13 38 77 35 81  => 11
68 73 39 87 24  => 11
58 14 48 17 91  => 10
94 17 88 36 25  => 11
93 40 78 84 34  => 11
17 65 46 79 34  => 10
22 89 31 72 7  => 10
12 3 61 53 91  => 12
1 61 54 48 27  => 10
70 92 47 59 24  => 11
30 41 52 89 68  => 11
100 76 20 70 58  => 10
60 71 92 88 72  => 11
94 8 67 74 100  => 10
85 89 46 26 4  => 11
87 91 90 28 96  => 10
7 23 15 82 75  => 10
92 67 42 99 7  => 10
71 53 64 83 3  => 11
27 44 21 26 47  => 11
41 56 83 51 28  => 11
1 71 68 32 49  => 10
44 89 32 55 87  => 11
39 50 15 86 51  => 11
55 88 63 9 41  => 10
27 5 14 19 43  => 10
36 16 23 4 39  => 10
98 24 69 56 77  => 10
33 60 65 12 28  => 11
60 93 19 5 18  => 11
83 91 81 26 96  => 11
10 36 59 12 14  => 11
73 3 77 58 26  => 12
35 22 15 55 96  => 9
88 54 6 41 23  => 10
64 58 87 67 70  => 12
20 99 71 7 61  => 10
91 23 54 5 29  => 10
63 92 99 27 43  => 11
59 85 65 34 97  => 10
100 85 83 86 38  => 10
53 43 12 81 6  => 10
17 68 65 24 11  => 10
85 26 23 43 36  => 10
53 33 31 86 37  => 10
2 46 65 80 28  => 11
71 81 13 61 15  => 11
34 93 54 28 57  => 10
2 29 62 56 19  => 11
38 76 51 50 53  => 10
43 52 96 17 83  => 11
3 81 47 85 19  => 10
78 100 15 49 14  => 11
50 7 55 80 98  => 12
36 61 49 20 23  => 10
19 87 3 95 62  => 11
46 35 95 63 83  => 12
75 8 50 28 58  => 10
76 10 89 1 38  => 12
63 28 87 32 92  => 12
65 32 45 33 27  => 11
81 33 7 14 98  => 9
57 13 75 22 45  => 12
42 45 35 8 69  => 11
11 87 14 54 20  => 10
72 52 9 100 50  => 10
88 84 14 20 90  => 9
69 55 29 63 23  => 10
9 95 57 91 86  => 10
13 73 70 60 8  => 10
50 65 7 35 15  => 11
91 67 85 68 63  => 11
35 32 34 22 27  => 10
63 60 58 88 2  => 10
10 56 41 88 61  => 10
89 13 32 57 30  => 11
61 8 95 26 4  => 12
7 65 72 5 44  => 11
6 32 79 57 59  => 11
10 39 69 81 75  => 11
22 56 25 48 89  => 10
3 37 54 87 82  => 11
55 39 1 79 68  => 10
27 78 32 92 48  => 10
83 41 45 94 78  => 11
38 83 87 90 53  => 11
4 11 29 43 19  => 11
29 7 23 46 54  => 10
49 42 54 51 23  => 12
37 50 46 45 84  => 10
65 84 96 3 25  => 11
94 100 35 59 58  => 11
10 69 38 41 59  => 10
4 68 65 39 100  => 10
90 29 83 44 67  => 10
6 51 1 19 34  => 11
52 99 30 55 38  => 11
85 40 63 65 19  => 11
15 86 99 72 17  => 11
68 89 53 78 42  => 11
61 71 72 29 93  => 11
32 73 50 97 47  => 10
44 19 73 15 28  => 12
66 100 43 34 24  => 11
13 87 11 29 38  => 11
30 78 43 98 41  => 10
55 38 34 28 23  => 10
85 60 81 50 93  => 10
5 66 72 52 16  => 11
39 63 76 59 23  => 11
74 68 37 12 62  => 9
72 74 26 10 63  => 11
80 10 30 64 38  => 11
13 95 2 77 48  => 11
92 57 70 98 37  => 11
50 19 27 41 51  => 10
67 95 96 4 34  => 11
77 97 15 83 74  => 11
94 5 17 33 44  => 10
4 17 49 88 8  => 11
67 46 35 61 100  => 9
1 64 22 20 21  => 10
6 95 27 94 44  => 10
73 25 12 86 22  => 10
28 19 100 41 53  => 12
42 93 57 48 81  => 10
53 81 99 85 30  => 11
52 82 35 57 38  => 11
36 46 94 98 21  => 11
41 28 98 53 68  => 12
13 100 48 55 57  => 10
72 78 36 19 18  => 11
64 27 36 96 25  => 11
16 40 39 12 74  => 10
36 94 70 38 35  => 10
88 75 24 51 16  => 10
18 72 27 73 5  => 10
1 28 53 91 76  => 11
89 86 75 11 16  => 9
92 55 96 11 23  => 12
41 88 86 91 29  => 10
27 18 49 64 52  => 12
71 89 13 83 43  => 11
70 7 36 44 30  => 11
75 12 2 53 95  => 9
79 35 86 62 73  => 12
54 100 91 58 50  => 10
10 18 57 25 55  => 11
16 70 6 32 71  => 11
86 76 5 60 31  => 10
53 30 22 59 24  => 10
76 40 55 99 10  => 11
91 42 57 25 44  => 10
26 79 68 45 86  => 10
32 6 79 90 47  => 12
16 88 68 73 87  => 10
21 47 11 67 86  => 11
25 85 59 8 60  => 10
96 54 74 55 35  => 11
4 71 2 40 30  => 11
61 57 48 75 21  => 10
84 56 17 21 93  => 9
65 57 98 18 39  => 12
73 100 18 74 78  => 11
96 47 60 98 86  => 11
46 94 84 37 68  => 10
35 5 65 80 56  => 12
80 2 57 84 27  => 11
10 64 71 95 96  => 11
9 17 47 13 30  => 11
16 55 7 48 59  => 11
55 7 85 86 92  => 12
76 22 85 81 39  => 12
58 26 60 63 92  => 12
2 95 96 21 10  => 11
17 67 77 11 84  => 11
60 93 70 56 81  => 10
92 28 30 44 68  => 10
75 78 89 16 65  => 11
15 83 35 57 46  => 10
35 75 12 68 13  => 11
47 68 51 31 45  => 10
44 42 38 19 87  => 9
57 76 100 32 41  => 11
99 68 15 50 92  => 9
26 28 83 47 40  => 11
4 64 22 77 28  => 10
54 39 30 31 18  => 10
32 71 2 40 83  => 11
11 13 84 28 22  => 11
24 47 90 9 95  => 11
12 87 32 11 77  => 10
61 6 23 77 42  => 11
49 63 59 91 87  => 10
1 89 73 17 68  => 10
40 71 90 88 99  => 11
36 54 89 71 88  => 11
88 67 38 64 14  => 10
18 81 15 59 56  => 11
52 36 56 41 42  => 12
90 80 87 3 77  => 10
9 13 41 43 15  => 11
34 11 30 87 58  => 11
24 85 89 1 78  => 11
90 7 16 40 43  => 10
41 4 99 60 77  => 12
25 9 12 92 76  => 11
88 54 67 29 95  => 10
32 46 20 11 87  => 11
69 67 77 92 76  => 12
15 46 79 100 4  => 11
28 85 13 3 29  => 11
85 99 33 86 60  => 11
68 97 100 80 3  => 11
32 86 42 82 92  => 10
87 58 33 8 40  => 9
64 7 56 32 69  => 10
72 75 52 6 25  => 11
49 71 6 99 84  => 11
18 97 7 100 42  => 11
71 36 11 72 99  => 9
43 90 41 54 36  => 11
65 4 15 19 77  => 10
82 43 55 14 72  => 10
82 77 2 12 42  => 9
77 83 85 89 59  => 11
31 20 69 93 83  => 12
74 8 60 93 42  => 11
14 55 28 25 7  => 10
80 1 83 60 79  => 12
80 1 94 37 97  => 12
4 14 90 48 95  => 11
4 30 76 1 85  => 11
97 67 58 49 16  => 10
35 24 96 78 60  => 12
39 13 74 67 23  => 12
68 34 72 16 75  => 12
75 85 71 68 38  => 11
100 33 47 25 40  => 10
33 84 3 36 53  => 11
27 25 53 12 38  => 12
2 52 86 91 73  => 11
13 32 50 29 72  => 11
50 44 61 63 67  => 12
92 60 24 75 11  => 10
20 67 1 29 38  => 11
97 37 84 14 41  => 10
45 57 17 42 79  => 11
70 83 4 6 44  => 11
94 33 15 64 30  => 10
86 20 91 75 5  => 12
19 11 32 42 41  => 12
18 46 73 32 83  => 11
41 42 60 72 32  => 11
46 59 45 19 98  => 11
13 77 46 87 75  => 10
3 14 77 21 93  => 11
21 44 47 67 30  => 11
93 16 96 97 77  => 12
99 100 92 64 66  => 11
17 56 88 78 99  => 11
24 72 99 51 93  => 11
80 52 66 12 40  => 10
48 57 68 84 80  => 11
2 86 58 68 85  => 10
8 32 65 72 79  => 11
55 45 71 6 12  => 12
61 78 84 43 45  => 11
74 45 80 48 63  => 12
66 42 97 38 50  => 12
36 48 83 5 65  => 11
98 54 9 23 62  => 9
17 30 40 73 44  => 11
21 40 68 25 58  => 11
62 65 61 13 91  => 11
27 34 91 63 72  => 11
7 79 87 30 45  => 11
75 79 53 38 47  => 11
57 72 41 84 90  => 11
50 26 39 7 22  => 10
83 42 36 11 84  => 9
78 16 22 42 62  => 10
22 30 37 17 72  => 11
35 64 79 11 33  => 11
73 19 6 36 49  => 9
42 78 7 41 45  => 11
66 46 33 89 56  => 10
35 75 42 67 96  => 10
36 93 73 32 96  => 10
37 56 68 14 77  => 11
18 81 40 41 34  => 10
12 26 21 87 68  => 10
100 24 7 51 61  => 9
76 89 11 91 34  => 11
16 59 30 41 98  => 10
80 37 83 51 32  => 12
54 90 37 35 30  => 11
48 12 16 81 8  => 11
52 73 93 94 85  => 11
65 40 63 48 70  => 10
89 82 47 9 80  => 9
89 7 59 69 98  => 10
66 82 67 52 54  => 10
61 56 43 60 80  => 9
59 22 86 9 30  => 12
26 99 59 81 95  => 10
14 99 77 40 81  => 10
69 60 14 26 4  => 10
7 15 68 59 81  => 11
31 83 9 20 4  => 11
81 61 63 6 38  => 10
100 3 90 97 18  => 11
23 17 75 16 65  => 12
32 93 66 63 73  => 10
67 58 33 44 17  => 10
74 30 75 63 46  => 12
17 16 53 18 81  => 12
42 31 93 56 80  => 12
11 13 7 34 52  => 11
38 18 26 59 75  => 10
79 41 32 70 57  => 10
65 70 95 6 5  => 11
20 12 39 14 54  => 12
57 84 95 3 55  => 11
95 67 33 31 75  => 9
25 96 31 4 1  => 10
61 66 34 93 92  => 11
94 30 6 18 49  => 9
24 38 5 93 98  => 11
24 38 91 4 41  => 11
28 26 31 1 39  => 12
66 93 9 20 55  => 11
11 54 21 72 2  => 10
52 85 33 91 74  => 11
64 62 69 65 41  => 12
11 40 34 1 94  => 10
81 98 42 19 61  => 11
85 12 73 31 65  => 10
96 79 3 59 85  => 9
86 30 8 55 77  => 9
65 2 30 59 50  => 11
66 97 47 41 85  => 11
28 51 91 13 76  => 11
100 93 42 16 89  => 9
43 39 29 37 33  => 10
63 100 76 53 56  => 10
55 62 100 95 47  => 11
25 66 99 43 53  => 11
86 20 59 34 3  => 11
86 35 2 30 71  => 9
35 17 100 32 53  => 12
10 22 80 68 9  => 11
2 22 25 94 38  => 11
47 81 87 70 84  => 11
77 19 43 93 48  => 11
66 95 70 64 88  => 10
55 52 24 33 88  => 9
11 91 45 2 94  => 10
45 48 81 16 40  => 11
66 31 46 35 11  => 11
99 86 74 83 39  => 10
8 46 30 78 66  => 10
39 52 46 68 18  => 10
61 95 67 6 59  => 10
6 45 34 16 46  => 10
40 31 74 33 68  => 12
88 66 29 9 57  => 9
38 47 39 44 9  => 10
49 12 17 13 64  => 10
88 99 93 68 36  => 10
37 12 43 86 6  => 12
81 39 61 53 60  => 10
100 51 4 61 59  => 10
20 28 57 49 42  => 11
59 23 98 2 77  => 12
42 82 41 34 28  => 11
61 17 29 4 28  => 10
27 62 99 13 3  => 11
21 43 20 40 96  => 11
93 34 40 50 39  => 11
69 28 56 10 7  => 11
96 37 3 31 61  => 9
100 66 73 70 8  => 11
51 78 83 96 15  => 11
8 59 7 97 61  => 11
24 35 93 15 11  => 11
27 5 44 62 63  => 12
89 77 50 70 16  => 10
18 62 54 11 55  => 10
55 57 90 100 3  => 11
43 96 30 84 47  => 11
27 7 34 90 41  => 12
95 91 84 37 44  => 9
61 39 40 33 63  => 10
82 11 92 35 55  => 12
44 3 88 38 58  => 12
88 71 43 68 22  => 10
88 71 54 57 50  => 10
16 5 51 89 19  => 12
7 67 85 79 36  => 11
51 27 15 73 4  => 10
66 44 57 78 30  => 11
54 86 94 30 52  => 11
76 18 47 91 3  => 11
28 41 92 21 8  => 11
46 25 91 95 63  => 12
90 72 91 66 15  => 12
21 89 52 83 25  => 10
84 98 14 17 64  => 11
100 99 6 93 97  => 9
36 33 57 27 92  => 12
92 23 1 34 81  => 9
71 33 18 88 14  => 10
73 36 52 48 15  => 11
3 60 58 52 35  => 10
85 52 46 28 62  => 9
38 36 55 32 93  => 12
82 86 31 81 96  => 11
35 22 72 38 97  => 12
25 59 61 24 69  => 11
3 47 33 20 8  => 10
60 1 16 40 78  => 10
73 74 10 21 57  => 11
82 66 91 15 52  => 12
58 2 60 27 38  => 12
45 18 100 62 67  => 12
100 28 55 80 63  => 11
6 66 31 64 23  => 10
14 38 78 21 12  => 11
17 87 21 53 19  => 10
51 1 21 25 31  => 10
82 18 58 85 92  => 10
10 35 42 70 91  => 11
88 23 68 91 71  => 11
98 96 63 6 38  => 9
73 40 11 87 99  => 9
68 69 100 77 65  => 11
87 94 17 89 54  => 11
33 78 54 93 5  => 10
83 73 58 21 93  => 9
90 39 44 29 95  => 10
32 73 60 67 99  => 10
45 97 65 89 85  => 10
50 92 60 10 89  => 10
22 88 87 20 50  => 10
33 77 63 2 15  => 10
86 31 3 55 73  => 9
93 6 43 41 45  => 10
60 56 76 81 96  => 12
94 52 18 48 2  => 10
15 73 19 32 66  => 10
24 67 83 14 26  => 11
73 43 26 1 11  => 9
5 64 10 37 36  => 10
3 95 39 35 72  => 10
99 20 25 84 88  => 10
55 36 47 37 11  => 11
98 15 94 13 56  => 10
36 83 26 31 99  => 11
29 87 60 94 7  => 10
90 57 10 14 33  => 9
47 40 5 71 95  => 9
21 4 74 28 38  => 12
56 30 99 14 63  => 12
10 17 34 68 48  => 11
32 76 20 50 35  => 11
46 3 100 81 64  => 12
62 8 35 17 89  => 10
31 11 57 21 89  => 12
69 63 36 52 38  => 10
68 95 11 52 64  => 11
18 48 67 71 70  => 11
77 53 79 37 17  => 12
72 77 76 45 93  => 10
69 83 100 71 58  => 11
14 3 72 98 32  => 12
39 53 41 59 79  => 10
1 4 50 93 35  => 11
1 58 48 20 49  => 10
79 98 64 8 28  => 11
77 34 58 93 32  => 11
37 51 63 57 36  => 11
15 76 32 12 54  => 10
55 45 2 78 35  => 10
72 19 3 43 65  => 9
80 10 91 68 37  => 12
5 100 19 54 13  => 10
45 58 63 9 18  => 11
68 2 79 100 72  => 12
7 42 10 48 80  => 10
49 41 17 37 50  => 9
75 87 8 77 68  => 11
72 31 94 76 4  => 12
2 25 47 63 27  => 11
19 76 94 61 20  => 11
92 20 23 24 66  => 10
56 99 37 57 66  => 11
84 86 22 80 61  => 11
16 11 68 27 75  => 12
21 53 43 44 91  => 10
26 81 6 95 75  => 11
58 20 76 8 29  => 12
45 73 50 21 60  => 10
31 85 42 13 82  => 10
90 34 44 25 78  => 10
46 67 69 28 65  => 11
58 57 43 17 39  => 9
97 8 37 20 4  => 11
57 24 10 11 32  => 9
26 21 17 13 61  => 9
71 23 33 39 26  => 11
33 71 85 18 81  => 11
76 99 24 37 60  => 11
64 27 9 6 39  => 9
85 14 16 39 20  => 11
71 83 63 96 97  => 11
73 63 39 18 97  => 9
99 37 69 89 54  => 11
22 53 66 36 63  => 11
3 58 62 63 32  => 11
87 30 91 73 62  => 12
27 59 3 55 60  => 11
11 12 14 13 50  => 11
14 30 83 13 67  => 11
68 71 82 88 33  => 11
10 13 72 94 64  => 11
83 65 38 100 95  => 10
100 49 97 54 58  => 10
77 92 15 58 78  => 11
7 63 74 44 40  => 11
69 63 92 77 46  => 12
63 55 14 90 22  => 10
62 29 93 89 46  => 12
67 97 55 76 89  => 11
38 9 65 56 87  => 12
82 59 95 14 46  => 12
85 26 11 22 33  => 9
88 14 25 13 3  => 11
59 54 53 48 17  => 10
41 44 39 28 52  => 11
27 45 76 9 48  => 11
85 8 94 77 61  => 12
20 25 17 18 30  => 11
75 26 78 36 10  => 12
69 67 6 49 96  => 9
36 60 73 17 20  => 11
84 20 74 60 12  => 11
74 50 1 37 81  => 9
3 51 12 80 59  => 10
68 19 12 36 43  => 9
8 31 25 20 54  => 10
40 6 8 10 21  => 10
37 90 60 13 47  => 10
7 61 57 86 12  => 10
90 68 58 18 11  => 10
40 62 11 8 64  => 11
19 58 95 30 68  => 11
2 32 46 11 52  => 11
8 65 32 28 84  => 10
3 91 80 46 63  => 10
9 46 30 45 76  => 10
35 66 72 97 86  => 11
81 19 84 68 41  => 12
36 54 8 51 46  => 11
69 11 3 7 67  => 9
88 45 98 67 56  => 12
35 12 58 48 95  => 12
19 5 43 20 73  => 12
75 95 92 35 63  => 10
57 61 94 15 70  => 11
85 74 75 40 83  => 10
77 94 66 15 99  => 11
74 6 80 51 34  => 12
66 40 2 33 8  => 10
2 19 94 36 31  => 11
46 76 82 6 53  => 11
55 28 11 68 80  => 9
86 81 45 65 14  => 10
18 68 17 52 97  => 11
93 92 32 14 58  => 9
17 57 85 42 51  => 11
87 48 16 20 66  => 9
48 33 62 99 4  => 12
62 28 41 74 6  => 11
83 74 13 82 41  => 10
31 66 98 36 6  => 11
5 87 64 95 36  => 10
93 11 3 34 63  => 9
5 46 75 85 38  => 11
12 28 86 72 22  => 11
88 53 95 1 41  => 12
56 8 7 57 86  => 9
34 70 9 19 93  => 11
84 14 42 60 67  => 10
61 33 23 81 22  => 10
19 66 43 75 88  => 10
95 13 68 58 48  => 11
39 10 48 45 63  => 12
25 78 74 61 93  => 10
43 86 4 64 55  => 11
71 31 26 97 5  => 10
4 51 66 79 23  => 11
27 18 80 2 91  => 12
91 14 28 57 34  => 11
95 45 36 53 90  => 9
88 87 95 99 77  => 12
2 49 12 6 28  => 10
54 99 66 13 71  => 10
92 41 19 84 71  => 10
17 37 62 96 98  => 11
34 76 31 93 79  => 11
75 48 69 32 40  => 10
64 53 15 44 84  => 9
27 24 5 2 65  => 9
98 73 60 9 43  => 9
92 57 72 9 38  => 10
67 13 81 55 39  => 12
15 49 76 27 79  => 11
79 78 37 27 1  => 10
28 97 23 60 8  => 11
9 80 48 28 20  => 10
2 82 36 64 67  => 10
30 88 21 85 4  => 11
91 35 4 3 51  => 9
84 26 1 52 6  => 10
37 29 83 42 46  => 12
1 95 5 97 49  => 10
65 32 43 33 39  => 10
53 13 100 19 83  => 12
16 93 38 77 32  => 10
41 91 72 26 43  => 10
17 87 45 95 14  => 10
81 94 62 92 33  => 11
9 53 11 95 49  => 10
45 84 53 23 85  => 10
93 87 86 34 38  => 9
42 27 21 72 4  => 10
48 71 6 54 20  => 11
97 93 5 68 41  => 10
54 72 84 93 70  => 11
72 2 88 29 68  => 12
74 14 20 3 98  => 10
63 64 86 23 12  => 11
53 45 88 4 21  => 12
82 61 51 60 42  => 10
24 50 4 21 60  => 11
81 47 33 22 72  => 9
51 7 52 73 84  => 12
23 17 72 73 47  => 12
5 63 16 15 81  => 10
8 30 63 19 94  => 11
83 31 68 8 96  => 10
57 77 74 32 46  => 10
17 2 7 63 4  => 11
45 55 16 90 78  => 11
94 32 66 33 90  => 10
82 52 64 31 41  => 10
67 23 56 85 44  => 11
51 18 28 4 56  => 10
7 11 76 53 1  => 11
73 75 25 16 65  => 11
63 44 87 5 30  => 12
43 2 8 71 29  => 11
67 31 35 64 95  => 10
44 12 24 75 62  => 11
47 41 94 43 46  => 12
100 90 32 96 89  => 10
97 86 68 37 91  => 9
53 91 75 55 63  => 10
73 94 7 40 82  => 11
85 30 88 89 31  => 12
96 47 62 59 99  => 10
45 70 37 41 11  => 11
25 98 72 24 33  => 10
98 88 23 55 69  => 9
29 67 49 66 96  => 10
42 63 55 48 51  => 10
41 7 15 70 63  => 11
37 21 15 2 72  => 9
44 19 46 79 5  => 12
25 24 91 88 51  => 12
65 27 44 80 64  => 11
95 81 13 80 27  => 10
55 19 44 46 64  => 10
7 96 57 32 61  => 10
74 5 9 73 51  => 11
9 5 45 42 44  => 12
30 39 69 28 45  => 11
1 85 73 59 37  => 10
91 89 96 37 64  => 12
23 43 67 37 38  => 11
83 43 77 64 100  => 10
69 13 48 24 100  => 10
71 75 54 41 60  => 11
67 37 57 29 21  => 11
4 79 55 29 71  => 10
75 40 79 38 64  => 12
37 45 81 57 56  => 11
33 40 94 67 53  => 11
1 74 3 52 78  => 10
5 92 7 12 50  => 10
70 76 26 23 58  => 11
10 16 27 40 24  => 11
99 69 76 5 75  => 10
20 6 38 85 63  => 12
34 68 55 44 47  => 10
27 23 55 39 67  => 12
17 88 76 31 15  => 10
9 89 70 40 18  => 10
75 10 71 20 81  => 10
95 33 35 22 66  => 10
97 18 13 39 56  => 9
89 42 47 92 19  => 11
53 18 12 43 50  => 9
88 18 37 7 97  => 10
13 56 35 51 87  => 10
26 38 12 88 94  => 11
67 79 7 50 78  => 11
96 32 89 92 100  => 10
15 90 23 62 20  => 10
69 58 52 87 16  => 10
86 8 46 37 51  => 10
52 28 34 20 77  => 10
56 54 89 1 83  => 12
82 93 24 11 4  => 11
71 43 49 37 18  => 11
23 39 29 69 35  => 10
38 66 40 22 89  => 10
56 16 49 10 17  => 10
56 69 10 92 86  => 11
41 65 77 43 62  => 11
83 6 33 17 22  => 10
94 23 54 4 95  => 10
66 4 50 1 96  => 10
72 91 18 93 99  => 11
48 65 49 56 25  => 10
58 23 86 6 94  => 12
32 7 73 86 10  => 12
87 54 27 76 97  => 9
45 61 22 5 1  => 11
71 22 25 61 30  => 11
51 9 70 63 79  => 12
18 82 66 54 56  => 10
28 90 20 43 51  => 11
89 8 76 40 43  => 10
39 87 37 6 27  => 11
17 54 83 61 56  => 11
65 34 55 93 37  => 11
46 72 42 48 19  => 11
56 77 57 78 12  => 10
51 59 26 15 44  => 11
57 52 86 8 12  => 12
44 96 63 65 35  => 10
7 74 56 25 83  => 10
35 92 71 81 76  => 10
91 40 73 29 93  => 10
78 100 63 49 38  => 11
74 19 57 46 38  => 11
3 62 33 100 80  => 10
97 42 15 96 71  => 10
34 83 76 72 98  => 10
85 62 20 21 7  => 10
38 88 7 36 26  => 11
4 81 79 51 78  => 10
24 21 90 97 66  => 12
41 43 70 17 20  => 11
91 41 76 99 95  => 11
98 36 25 23 17  => 10
2 61 40 22 29  => 10
67 93 54 82 22  => 11
72 89 64 57 52  => 11
82 97 85 94 52  => 10
4 74 84 52 54  => 11
78 71 3 41 44  => 9
20 64 95 85 8  => 11
53 6 52 56 47  => 11
21 26 4 71 1  => 11
9 6 94 20 11  => 12
66 48 52 64 82  => 10
20 97 11 10 68  => 11
55 97 71 91 68  => 10
59 95 27 75 83  => 11
92 45 3 69 79  => 9
76 34 82 25 12  => 12
8 32 52 74 99  => 11
40 79 43 97 37  => 10
84 34 37 75 38  => 11
60 25 57 56 9  => 11
66 99 85 96 20  => 10
22 26 94 41 89  => 11
12 17 71 73 36  => 11
68 50 61 92 99  => 10
98 73 82 38 68  => 10
86 13 84 81 48  => 11
90 70 34 64 60  => 10
90 77 42 83 72  => 10
94 8 93 43 86  => 10
71 11 49 33 30  => 11
70 51 55 56 86  => 10
33 12 43 15 57  => 12
19 89 49 43 98  => 10
4 73 90 99 3  => 11
12 56 43 25 16  => 10
90 62 60 72 3  => 10
100 50 71 56 12  => 11
73 83 61 79 44  => 11
9 87 70 36 83  => 10
50 62 38 33 71  => 11
46 24 66 29 83  => 12
19 29 18 55 33  => 11
75 31 72 22 41  => 10
65 18 4 61 82  => 9
97 39 21 85 15  => 10
18 90 86 14 51  => 10
25 15 72 37 67  => 12
41 52 80 79 9  => 11
62 88 58 93 14  => 11
84 21 81 52 70  => 10
61 84 87 2 82  => 11
65 45 3 44 7  => 10
73 80 63 25 12  => 11
43 40 62 18 79  => 12
93 92 66 89 8  => 10
90 78 20 60 70  => 9
62 2 23 94 72  => 11
29 37 39 66 43  => 11
53 27 88 96 83  => 12
8 39 3 55 17  => 11
94 6 40 73 83  => 10
83 88 28 42 87  => 11
89 14 80 62 52  => 11
37 83 90 92 12  => 11
26 18 53 44 85  => 12
11 8 13 62 61  => 12
82 26 18 71 51  => 10
25 31 47 11 19  => 11
42 79 16 64 99  => 11
1 10 67 21 59  => 11
55 62 59 46 79  => 10
43 88 80 66 99  => 10
44 2 48 4 28  => 12
87 20 33 73 57  => 11
39 26 91 52 16  => 12
48 36 20 64 15  => 10
11 42 65 51 46  => 11
11 60 36 6 39  => 10
77 34 2 24 13  => 10
58 79 16 34 89  => 11
73 13 36 50 15  => 11
16 8 10 4 20  => 10
12 13 50 95 35  => 11
23 75 31 8 48  => 10
58 39 16 77 29  => 10
9 99 90 29 83  => 10
63 69 23 67 17  => 11
84 12 4 88 6  => 10
46 76 30 5 21  => 11
27 40 88 56 91  => 11
54 84 93 63 50  => 11
4 24 30 53 75  => 11
84 80 30 38 1  => 10
71 20 45 2 15  => 10
59 53 87 95 100  => 12
80 67 39 34 98  => 9
62 67 54 38 84  => 11
76 50 86 95 65  => 12
85 6 38 42 96  => 10
7 1 10 38 9  => 12
88 76 57 82 85  => 9
22 94 24 46 6  => 10
59 3 60 63 54  => 12
65 23 4 62 7  => 10
81 19 17 99 47  => 10
93 96 37 33 84  => 11
3 49 72 51 88  => 11
94 15 46 7 59  => 10
32 75 43 41 52  => 10
26 11 86 89 93  => 12
58 14 46 28 50  => 10
80 87 29 18 30  => 11
18 2 31 67 69  => 12
44 78 23 12 58  => 11
24 11 82 10 95  => 12
24 100 63 30 78  => 10
22 47 78 89 25  => 11
48 96 12 26 86  => 11
62 93 38 42 52  => 11
31 16 58 45 99  => 12
97 20 65 75 32  => 11
20 1 11 77 54  => 11
29 52 63 48 10  => 11
88 71 60 66 81  => 9
59 71 15 75 48  => 11
87 64 86 9 49  => 10
27 40 73 52 25  => 11
30 92 53 19 76  => 10
75 25 31 45 97  => 10
92 44 97 20 53  => 12
51 43 18 25 33  => 9
31 53 66 37 84  => 11
66 71 55 86 7  => 11
53 73 35 79 55  => 11
57 2 81 86 48  => 12
39 84 59 86 46  => 10
65 24 13 79 67  => 10
70 22 93 78 77  => 12
67 61 64 27 8  => 11
27 75 76 1 87  => 11
81 94 51 90 71  => 11
10 46 55 45 89  => 11
47 34 43 38 16  => 11
99 86 63 14 76  => 9
26 70 99 11 16  => 11
98 31 37 2 60  => 10
67 58 77 13 18  => 12
7 92 84 4 91  => 10
28 70 96 60 98  => 11
83 30 99 91 88  => 12
61 98 44 9 48  => 11
89 5 31 70 39  => 11
81 68 29 50 14  => 10
31 65 78 97 45  => 11
13 30 59 31 23  => 11
20 80 15 5 53  => 11
39 17 8 11 85  => 9
5 45 79 51 49  => 11
93 96 52 81 37  => 11
63 92 51 50 64  => 11
87 51 77 43 96  => 10
12 27 54 42 46  => 11
32 9 84 34 8  => 12
78 11 36 61 45  => 11
79 89 20 86 40  => 11
27 85 12 13 56  => 11
97 43 16 40 95  => 9
4 63 74 98 92  => 11
89 67 96 21 81  => 12
15 42 58 44 62  => 11
32 73 91 81 13  => 11
16 10 37 100 41  => 12
9 31 53 47 51  => 11
38 56 50 97 19  => 10
53 88 58 31 36  => 10
70 69 55 19 12  => 10
33 26 81 18 11  => 12
7 23 55 35 17  => 11
87 13 26 37 76  => 10
37 78 52 64 68  => 10
5 50 77 19 70  => 11
3 25 33 13 31  => 11
29 91 70 18 75  => 10
83 5 9 47 89  => 10
29 93 10 17 74  => 11
100 41 33 51 23  => 10
93 84 88 89 10  => 11
63 17 58 11 43  => 10
32 3 56 45 97  => 12
40 72 96 36 98  => 11
48 39 1 53 83  => 9
36 59 42 56 44  => 10
41 59 24 94 51  => 11
36 58 2 21 47  => 11
82 80 47 60 8  => 10
83 38 14 74 91  => 9
40 29 73 21 75  => 12
100 1 97 59 3  => 11
14 96 10 80 62  => 11
16 58 78 29 47  => 11
15 45 40 43 61  => 10
89 76 42 78 60  => 10
60 1 43 92 47  => 11
82 73 68 94 48  => 10
56 65 18 100 6  => 11
1 99 57 54 80  => 10
12 34 19 21 98  => 10
11 3 8 49 50  => 10
27 16 18 41 91  => 10
44 60 58 22 100  => 10
91 70 26 61 96  => 9
74 64 1 95 22  => 10
86 35 90 1 84  => 12
72 6 40 95 41  => 11
35 46 87 38 27  => 11
28 58 93 64 82  => 11
47 32 8 64 11  => 10
21 85 80 3 7  => 10
28 5 51 92 65  => 12
79 35 1 41 14  => 10
3 39 49 21 18  => 11
14 56 84 82 88  => 11
33 58 36 79 73  => 10
85 60 95 3 45  => 12
5 57 17 45 30  => 10
16 14 10 53 50  => 10
47 61 17 1 59  => 11
63 98 77 15 49  => 10
40 18 74 85 15  => 12
88 30 75 65 78  => 10
40 61 91 33 14  => 11
82 90 98 1 2  => 11
69 82 15 25 13  => 11
70 42 29 12 65  => 9
33 23 3 7 50  => 9
2 74 55 83 45  => 10
41 95 43 30 83  => 10
4 1 85 66 60  => 12
49 84 27 54 63  => 11
24 32 34 69 49  => 11
11 45 59 20 72  => 11
56 12 64 4 21  => 12
12 16 57 27 24  => 11
22 8 66 97 100  => 12
3 4 90 57 13  => 11
66 80 53 100 3  => 11
24 5 10 98 41  => 11
25 27 57 52 69  => 11
16 49 78 69 95  => 11
35 21 8 82 49  => 10
53 71 85 99 43  => 11
22 62 69 88 10  => 11
51 97 48 91 55  => 11
51 86 33 37 95  => 11
69 78 45 65 88  => 11
10 12 57 37 69  => 11
96 58 64 89 24  => 11
78 32 11 54 52  => 10
39 95 11 94 42  => 11
2 13 45 99 53  => 11
67 32 8 37 3  => 10
44 19 27 89 65  => 11
19 85 78 100 63  => 10
54 45 25 16 82  => 9
48 22 50 100 90  => 12
98 28 62 6 68  => 10
34 20 8 83 14  => 10
7 3 5 83 75  => 11
15 23 73 46 86  => 11
73 10 57 12 43  => 10
16 25 52 56 27  => 11
47 14 31 80 17  => 11
82 84 55 73 34  => 11
14 89 43 92 55  => 10
58 55 19 18 30  => 9
50 28 7 46 65  => 9
40 43 21 61 85  => 11
62 50 51 89 91  => 10
5 56 74 24 63  => 11
19 22 63 8 26  => 11
56 53 100 46 97  => 12
64 39 56 18 53  => 10
69 74 45 35 100  => 11
71 46 72 40 17  => 12
19 88 2 25 53  => 11
20 60 44 51 90  => 10
61 83 60 77 35  => 11
5 23 57 25 47  => 11
81 91 21 17 70  => 11
79 85 59 84 37  => 11
85 97 46 7 86  => 11
10 89 13 37 28  => 10
29 32 43 44 82  => 11
91 69 55 79 82  => 9
92 70 33 50 14  => 10
82 39 18 43 29  => 10
92 21 79 90 33  => 11
35 60 2 48 69  => 11
16 55 89 31 78  => 11
46 2 14 53 93  => 10
24 66 4 73 23  => 11
38 92 3 78 85  => 11
75 92 53 67 83  => 11
50 61 77 64 43  => 11
7 93 13 56 39  => 10
32 87 91 57 17  => 11
62 91 70 64 23  => 10
12 71 74 72 70  => 11
44 42 16 98 96  => 10
37 36 59 76 68  => 12
10 22 95 48 90  => 11
3 10 14 63 7  => 11
57 85 44 97 81  => 11
85 57 73 39 33  => 11
66 83 50 7 29  => 11
70 90 28 3 66  => 11
61 50 80 29 87  => 12
23 39 82 35 8  => 11
4 47 20 18 11  => 10
86 99 18 1 23  => 11
32 81 78 24 51  => 10
2 97 15 6 62  => 10
84 52 44 41 35  => 10
44 13 20 29 7  => 11
23 2 28 97 24  => 12
77 62 84 8 76  => 12
19 98 84 89 97  => 10
100 15 55 16 50  => 10
44 16 33 99 17  => 11
28 64 77 88 93  => 11
1 70 5 72 36  => 10
18 56 96 11 50  => 11
17 61 80 64 32  => 11
46 13 78 100 23  => 12
24 13 17 55 27  => 11
10 84 6 79 45  => 11
78 87 42 65 33  => 11
50 87 53 57 63  => 10
48 63 74 38 57  => 11
64 41 10 78 17  => 10
58 20 57 22 95  => 10
87 71 59 84 66  => 10
57 34 44 33 69  => 10
23 45 26 58 87  => 10
61 12 47 64 55  => 11
27 50 43 62 78  => 10
18 72 10 96 75  => 11
87 45 19 93 3  => 10
41 22 89 11 18  => 12
87 3 40 55 47  => 11
32 61 31 97 86  => 11
58 41 57 54 49  => 11
36 78 3 66 2  => 11
45 72 2 51 79  => 11
27 24 37 65 33  => 12
90 61 88 51 34  => 11
38 59 80 18 34  => 11
29 43 97 45 61  => 11
97 82 46 95 16  => 10
31 4 83 90 44  => 12
93 57 30 55 16  => 10
25 90 95 87 88  => 11
51 19 15 47 42  => 10
14 48 15 23 59  => 10
82 62 97 37 9  => 12
63 61 91 82 60  => 12
38 46 51 44 14  => 11
15 90 74 43 98  => 10
42 70 43 55 85  => 10
51 10 28 30 68  => 10
4 95 68 87 63  => 10
13 82 64 56 27  => 10
5 16 4 19 35  => 11
57 94 39 2 3  => 11
90 22 2 94 91  => 10
34 30 4 77 55  => 10
37 27 46 85 74  => 12
64 88 58 61 77  => 11
44 53 7 66 31  => 11
45 44 10 93 55  => 10
8 43 94 23 26  => 11
70 99 69 56 96  => 11
14 35 79 100 44  => 11
13 5 30 38 1  => 12
64 8 62 15 83  => 10
76 26 83 48 100  => 12
74 1 2 16 60  => 10
85 18 75 52 79  => 10
53 48 95 23 16  => 12
22 41 95 8 17  => 11
79 44 19 3 80  => 9
12 83 17 14 67  => 10
100 2 36 7 85  => 10
97 74 49 35 43  => 9
41 6 15 53 83  => 10
37 95 57 91 62  => 10
51 31 89 77 2  => 12
61 43 71 26 49  => 12
75 37 69 33 9  => 11
80 25 77 35 59  => 10
70 9 74 63 6  => 12
55 66 13 18 45  => 11
67 51 77 22 54  => 12
96 19 83 58 69  => 10
26 73 76 33 55  => 11
65 23 31 37 28  => 11
11 81 67 70 35  => 10
1 27 39 78 83  => 11
64 49 74 31 28  => 12
44 38 98 27 33  => 12
31 23 8 13 89  => 9
1 69 49 66 72  => 10
88 63 75 32 96  => 10
13 4 46 74 90  => 12
63 12 29 65 68  => 10
97 7 3 53 75  => 9
24 69 15 42 55  => 11
82 51 81 75 80  => 10
29 25 42 75 38  => 12
93 91 45 6 38  => 9
85 52 27 23 16  => 10
18 52 37 63 59  => 10
61 15 42 70 12  => 11
73 52 6 18 93  => 9
7 99 15 91 6  => 10
92 31 60 95 30  => 11
27 54 20 68 69  => 11
37 7 17 63 32  => 11
98 89 21 60 55  => 10
62 6 48 15 56  => 10
23 61 90 96 29  => 11
12 94 3 52 93  => 11
35 58 30 36 65  => 11
39 73 46 55 27  => 10
97 64 66 20 2  => 11
94 74 87 58 93  => 10
99 52 87 53 51  => 11
52 60 59 44 94  => 10
89 46 32 43 92  => 9
47 68 77 23 94  => 11
93 44 25 51 84  => 9
80 14 1 40 59  => 9
92 31 99 17 51  => 12
21 45 71 11 15  => 11
52 98 66 93 38  => 10
22 77 2 48 41  => 11
81 77 71 37 27  => 10
36 56 69 18 61  => 11
86 91 29 93 17  => 11
12 1 96 18 78  => 12
98 46 69 15 24  => 10
81 23 72 46 44  => 11
97 78 77 43 54  => 9
95 91 63 30 67  => 9
89 92 58 67 68  => 11
8 59 55 23 40  => 10
11 96 57 92 27  => 10
84 13 98 18 37  => 12
6 93 88 10 66  => 10
59 23 61 84 83  => 12
33 80 28 42 45  => 11
49 85 43 78 65  => 11
79 51 48 81 85  => 9
42 86 53 59 49  => 10
76 50 65 72 66  => 11
83 57 78 89 9  => 11
32 81 79 15 41  => 10
78 80 49 100 55  => 11
36 20 69 11 8  => 12
78 60 18 77 51  => 10
16 43 72 55 57  => 11
72 99 48 25 90  => 11
62 88 33 5 9  => 11
1 82 51 21 98  => 10
49 19 46 89 98  => 10
88 37 73 33 56  => 10
100 70 2 49 15  => 10
18 49 81 35 54  => 11
73 36 75 8 54  => 12
47 7 100 78 17  => 12
86 45 54 100 76  => 11
47 100 65 70 67  => 10
46 43 73 1 67  => 12
25 73 3 87 17  => 11
1 92 35 100 23  => 10
88 40 35 20 100  => 9
72 37 49 56 33  => 11
57 36 45 77 91  => 10
54 2 59 27 82  => 12
1 8 40 2 41  => 11
10 29 38 3 73  => 11
39 66 89 13 67  => 11
82 91 81 65 95  => 11
43 68 71 50 13  => 11
79 96 40 97 91  => 11
61 24 25 100 21  => 11
46 40 38 20 72  => 9
60 66 93 17 98  => 11
8 82 86 67 66  => 11
83 29 91 76 8  => 12
43 97 76 17 31  => 10
61 97 63 13 15  => 10
2 13 18 84 57  => 11
52 24 64 42 73  => 12
58 18 95 89 83  => 12
86 53 45 56 36  => 10
42 60 7 66 53  => 11
46 29 92 41 22  => 12
29 6 22 82 3  => 11
96 89 22 19 69  => 9
3 62 96 33 23  => 11
71 60 95 80 55  => 12
58 14 15 5 99  => 10
97 49 69 48 73  => 10
31 81 49 54 33  => 10
85 4 83 49 78  => 10
75 71 23 37 11  => 10
38 42 33 77 97  => 11
45 30 28 27 65  => 9
28 96 57 63 38  => 10
68 94 85 2 25  => 10
84 96 48 8 3  => 11
36 18 19 99 55  => 11
68 83 72 90 43  => 10
75 72 96 28 86  => 12
54 72 8 69 47  => 11
7 91 84 44 9  => 10
63 74 82 51 9  => 11
76 91 9 46 70  => 11
55 11 56 84 58  => 12
80 83 5 18 78  => 11
80 20 50 66 56  => 11
5 56 92 15 93  => 11
87 39 27 83 97  => 9
96 34 29 45 90  => 9
3 60 77 98 80  => 11
95 35 75 73 23  => 11
74 46 44 95 36  => 10
81 58 69 62 49  => 11
87 84 28 7 74  => 9
10 87 85 21 25  => 10
10 88 79 71 81  => 10
75 28 41 49 23  => 11
81 88 11 6 73  => 11
61 46 33 56 74  => 9
80 36 97 73 12  => 12
18 64 85 3 53  => 11
19 74 67 18 16  => 10
72 7 18 62 34  => 11
48 6 2 29 43  => 9
66 82 4 6 88  => 11
75 16 46 86 34  => 11
54 72 95 85 43  => 11
44 47 89 80 81  => 11
42 75 98 74 89  => 11
19 26 17 44 37  => 11
83 37 26 48 86  => 9
70 41 93 11 47  => 12
89 29 56 99 59  => 11
100 82 79 98 83  => 10
16 59 88 45 15  => 11
13 22 1 69 24  => 11
65 91 74 80 64  => 10
20 86 28 94 61  => 10
48 88 12 85 59  => 11
84 6 73 68 58  => 11
59 46 97 5 3  => 12
36 41 26 93 29  => 11
86 15 82 54 16  => 11
84 50 35 99 8  => 10
78 85 96 36 56  => 11
57 83 90 35 5  => 11
48 68 25 28 19  => 11
29 57 12 26 46  => 11
19 37 80 71 59  => 11
58 45 9 18 78  => 9
38 37 4 25 24  => 10
84 95 28 51 96  => 11
80 97 1 45 82  => 11
38 83 10 82 65  => 11
69 14 56 91 13  => 11
4 93 1 59 76  => 11
42 19 67 6 71  => 12
78 86 26 79 87  => 11
84 56 63 29 8  => 11
8 75 76 43 91  => 11
75 35 30 96 85  => 10
27 89 33 26 31  => 10
92 29 8 49 75  => 9
97 43 73 44 16  => 11
22 99 47 9 34  => 10
9 57 40 98 49  => 10
94 33 19 44 82  => 9
38 85 95 48 15  => 11
29 77 100 13 67  => 11
47 78 90 93 100  => 11
49 58 68 83 67  => 11
89 30 57 22 70  => 10
31 92 21 26 35  => 11
71 88 8 59 46  => 11
13 66 53 20 14  => 10
38 97 28 11 89  => 11
17 96 81 52 1  => 10
64 3 60 83 100  => 10
22 98 96 4 11  => 10
58 80 96 1 77  => 11
30 75 50 22 69  => 10
26 33 14 71 5  => 11
8 7 98 40 56  => 12
1 83 9 15 79  => 10
97 3 16 15 21  => 10
39 20 30 14 16  => 10
90 62 98 27 82  => 12
20 85 1 5 10  => 11
74 48 87 90 44  => 12
14 25 20 5 38  => 10
80 42 25 54 9  => 10
32 87 58 45 37  => 10
67 90 37 94 58  => 11
35 76 25 11 96  => 11
71 11 47 69 10  => 11
97 47 50 30 96  => 10
24 8 18 49 70  => 10
80 55 24 39 2  => 10
82 34 53 94 43  => 11
30 3 78 51 9  => 12
59 79 77 76 19  => 10
12 49 25 61 75  => 10
20 65 36 74 6  => 10
75 61 36 51 92  => 9
18 86 53 91 69  => 10
96 3 44 49 23  => 11
57 17 13 38 32  => 10
48 62 2 1 23  => 11
51 92 73 54 70  => 10
89 2 95 94 37  => 12
15 44 54 32 77  => 11
40 29 51 21 89  => 12
97 77 12 80 26  => 10
17 100 74 50 69  => 10
56 71 50 43 80  => 11
27 56 80 19 20  => 11
2 72 12 57 14  => 10
80 22 60 85 34  => 11
13 29 58 60 77  => 11
94 54 26 28 63  => 9
90 43 48 61 62  => 10
41 5 12 76 78  => 10
90 85 83 24 16  => 10
95 87 36 62 33  => 10
96 59 11 68 10  => 10
22 69 76 13 80  => 11
22 7 76 57 97  => 12
85 84 73 50 39  => 10
37 42 59 13 36  => 11
17 29 18 34 54  => 10
98 24 12 91 63  => 10
5 77 3 51 94  => 11
10 93 70 15 92  => 10
16 100 87 51 62  => 10
100 13 12 14 25  => 9
68 84 16 82 86  => 11
32 13 41 100 55  => 12
57 72 33 58 63  => 11
82 23 78 38 97  => 10
42 51 8 65 37  => 11
83 97 65 7 91  => 11
97 11 14 55 86  => 10
44 49 37 1 92  => 11
23 38 71 98 62  => 11
22 73 48 66 87  => 10
73 1 99 22 98  => 12
58 10 91 81 67  => 12
38 31 61 3 6  => 12
54 32 39 49 84  => 10
28 48 42 26 34  => 10
1 26 92 40 7  => 11
38 77 56 90 51  => 10
61 73 88 92 6  => 11
17 38 49 74 39  => 11
27 48 46 44 85  => 10
57 60 8 46 26  => 11
55 28 26 47 18  => 10
30 46 36 69 100  => 10
34 40 84 24 32  => 11
48 75 80 83 90  => 11
39 62 97 98 84  => 11
65 97 74 46 100  => 10
91 18 41 65 72  => 10
87 61 38 75 8  => 10
52 44 13 27 100  => 9
78 90 14 98 24  => 11
76 30 14 2 56  => 9
30 82 12 75 36  => 11
50 76 31 78 94  => 11
47 17 61 86 93  => 12
29 51 80 30 65  => 11
37 49 98 1 10  => 11
24 81 23 32 86  => 11
49 85 39 94 15  => 11
31 18 67 6 73  => 12
3 33 91 13 75  => 11
83 4 80 13 11  => 11
10 64 51 38 73  => 10
8 22 21 82 20  => 10
98 23 54 43 67  => 10
43 51 49 79 52  => 10
53 80 74 40 49  => 10
67 4 14 49 76  => 10
75 11 55 20 39  => 10
75 18 43 72 67  => 11
4 68 17 12 100  => 10
86 92 18 65 55  => 11
19 82 78 59 50  => 10
92 37 83 59 40  => 11
80 38 23 76 41  => 10
93 47 13 88 34  => 10
3 31 67 95 87  => 11
56 70 44 100 92  => 11
12 23 27 17 70  => 11
68 44 24 90 63  => 10
50 72 55 56 45  => 10
52 72 29 89 58  => 11
24 33 14 30 10  => 11
24 17 10 15 57  => 9
12 29 3 46 57  => 11
72 67 2 32 45  => 9
2 62 36 92 48  => 10
20 76 92 5 25  => 11
83 5 10 84 90  => 10
53 81 28 43 57  => 11
83 2 85 4 44  => 12
26 78 11 75 56  => 11
18 84 89 41 35  => 11
35 43 89 17 52  => 11
97 79 80 4 1  => 11
13 3 44 15 51  => 12
62 71 41 100 16  => 11
73 92 87 45 83  => 10
67 35 85 75 16  => 12
67 2 32 28 25  => 11
10 88 59 74 70  => 10
53 84 54 93 95  => 10
4 68 20 37 1  => 10
29 75 88 28 9  => 11
5 63 16 21 35  => 10
11 97 75 25 53  => 10
50 15 97 89 61  => 12
92 8 65 68 25  => 11
29 50 58 32 86  => 11
54 16 87 67 20  => 12
27 62 79 3 48  => 11
38 94 86 6 91  => 10
26 21 52 62 98  => 12
33 79 57 90 43  => 10
61 49 93 57 32  => 12
68 54 41 92 83  => 10
8 54 94 55 80  => 11
58 5 82 13 69  => 12
46 8 74 4 61  => 12
80 78 62 14 79  => 9
76 34 50 59 63  => 10
64 74 70 13 23  => 10
82 43 77 72 85  => 10
19 74 2 80 22  => 11
1 99 14 68 49  => 10
73 41 7 79 50  => 10
50 51 97 18 74  => 11
10 16 94 84 74  => 11
36 71 64 7 29  => 10
22 93 65 10 7  => 10
79 69 30 62 40  => 10
43 76 63 88 95  => 10
70 63 94 36 80  => 12
56 88 52 82 51  => 11
49 19 97 92 52  => 12
56 52 89 77 44  => 12
24 39 88 17 95  => 11
47 81 87 30 42  => 11
75 28 84 40 5  => 12
59 36 18 81 7  => 10
10 27 48 38 60  => 11
18 33 46 5 79  => 11
18 2 81 34 23  => 12
14 44 36 63 87  => 10
81 83 88 45 6  => 11
24 57 5 34 94  => 11
52 36 60 55 44  => 12
47 26 74 2 97  => 12
47 59 20 27 90  => 11
9 6 90 70 25  => 12
27 17 90 68 57  => 12
99 81 83 46 38  => 11
100 82 86 28 83  => 10
42 17 96 24 36  => 12
28 5 56 94 57  => 12
30 64 54 18 42  => 10
18 60 51 82 49  => 10
82 33 2 4 24  => 9
65 12 63 69 92  => 10
61 92 33 66 27  => 11
69 97 65 48 6  => 11
47 67 96 21 60  => 11
23 66 26 54 81  => 10
59 63 82 43 19  => 11
18 28 40 65 80  => 11
88 82 100 5 92  => 12
75 50 9 77 87  => 9
17 35 69 23 31  => 11
32 57 80 42 67  => 11
90 61 50 26 76  => 9
68 99 19 83 48  => 11
30 54 45 55 49  => 10
65 61 95 80 62  => 12
2 94 49 64 19  => 10
16 44 65 49 4  => 11
21 79 32 87 47  => 10
28 93 26 88 64  => 11
87 14 30 57 51  => 11
5 70 84 1 29  => 11
55 11 24 2 94  => 10
79 10 59 53 86  => 10
7 83 21 99 48  => 10
8 20 87 10 74  => 11
12 83 2 67 42  => 11
48 80 55 81 51  => 10
49 3 24 8 91  => 10
68 15 23 20 61  => 10
3 45 25 73 38  => 10
55 29 16 56 30  => 10
7 30 41 69 56  => 11
23 37 57 84 10  => 11
29 54 81 45 73  => 11
70 92 15 74 66  => 11
3 4 23 9 5  => 11
67 5 100 11 47  => 12
74 69 77 58 22  => 12
54 9 93 63 99  => 12
17 64 19 84 32  => 10
27 21 70 49 14  => 12
20 75 18 25 36  => 11
22 69 9 74 58  => 11
58 90 37 36 71  => 11
32 89 66 68 99  => 10
98 17 66 15 76  => 10
58 33 14 34 77  => 9
91 68 83 92 63  => 11
21 2 71 81 47  => 12
82 8 64 66 99  => 10
30 58 42 100 21  => 10
96 68 13 89 21  => 10
45 60 13 74 43  => 11
67 5 53 71 69  => 11
48 49 19 93 28  => 11
71 37 33 19 57  => 9
35 46 43 71 94  => 10
43 59 35 27 41  => 11
30 23 47 94 95  => 12
82 92 7 96 94  => 11
82 15 61 86 35  => 11
70 43 22 92 31  => 10
93 86 17 37 52  => 9
63 23 81 10 16  => 12
78 47 6 41 35  => 10
60 73 98 15 97  => 11
84 65 1 5 43  => 9
61 72 84 48 55  => 11
87 15 36 96 47  => 11
93 12 61 69 68  => 11
37 9 64 97 49  => 12
3 10 25 34 53  => 11
73 13 68 87 3  => 11
75 10 48 83 1  => 11
41 34 76 10 86  => 12
65 66 83 8 57  => 11
22 19 66 28 40  => 12
74 54 1 70 41  => 10
44 24 66 65 3  => 12
1 85 75 51 34  => 10
24 42 57 96 7  => 11
95 39 57 37 11  => 11
44 47 71 92 95  => 11
55 20 54 43 32  => 11
61 16 97 64 15  => 12
6 35 81 69 19  => 11
10 87 61 59 79  => 10
70 62 18 53 44  => 10
88 97 18 86 31  => 11
69 99 12 14 32  => 11
66 15 22 8 65  => 10
71 97 75 56 41  => 10
56 69 12 80 90  => 11
62 41 37 43 14  => 10
48 81 55 10 73  => 10
42 19 57 78 79  => 12
71 6 84 16 5  => 12
52 9 61 55 40  => 12
81 58 64 13 21  => 10
75 17 1 16 30  => 9
51 52 46 50 78  => 11
69 61 27 88 17  => 10
17 3 61 59 55  => 12
57 67 59 53 25  => 10
37 23 4 83 75  => 10
9 53 47 39 79  => 10
29 41 68 14 99  => 11
83 89 80 84 38  => 11
62 1 10 90 42  => 11
64 63 8 100 38  => 10
3 88 95 23 25  => 11
32 9 73 4 93  => 12
78 99 88 87 95  => 10
70 30 92 74 62  => 12
10 4 53 28 78  => 12
9 75 85 86 40  => 11
64 6 56 39 5  => 11
80 83 78 10 71  => 11
44 64 94 22 83  => 11
96 29 72 70 27  => 11
11 95 12 76 55  => 10
44 74 79 100 33  => 11
70 81 66 82 75  => 11
45 51 62 34 30  => 11
52 92 19 95 23  => 11
44 83 28 56 4  => 11
64 57 17 29 96  => 9
20 87 17 45 78  => 11
72 81 55 7 13  => 11
92 84 28 39 46  => 9
26 25 38 76 27  => 12
86 25 10 84 99  => 9
24 28 68 48 47  => 11
11 12 75 100 63  => 11
83 75 26 98 84  => 10
19 33 43 72 4  => 11
46 21 57 42 8  => 12
40 75 28 29 63  => 11
69 90 99 27 89  => 11
60 49 11 67 78  => 9
34 61 72 23 11  => 11
11 92 34 91 73  => 10
79 34 16 60 82  => 9
95 36 92 25 38  => 10
85 3 46 30 57  => 10
88 85 57 100 60  => 10
64 69 23 87 74  => 11
37 40 32 26 59  => 11
37 84 7 83 10  => 11
2 19 17 100 58  => 10
44 55 76 14 82  => 11
67 13 90 63 78  => 12
22 50 64 47 60  => 11
45 43 71 95 84  => 12
91 70 74 56 57  => 10
14 69 18 100 23  => 10
38 72 28 4 89  => 11
69 67 30 47 98  => 9
89 15 57 88 10  => 11
13 62 91 8 75  => 11
86 73 82 69 22  => 11
81 12 42 33 7  => 11
10 40 15 95 60  => 10
29 6 94 49 33  => 12
48 15 9 58 92  => 9
29 22 38 18 17  => 12
86 92 24 89 99  => 11
28 35 14 61 100  => 11
56 85 64 51 71  => 10
4 6 35 18 22  => 11
68 91 11 39 99  => 11
55 71 85 17 8  => 11
89 64 60 71 30  => 10
11 85 43 49 70  => 10
3 47 97 79 53  => 11
62 22 97 41 8  => 12
85 58 28 82 8  => 10
5 83 27 82 46  => 10
75 38 7 27 81  => 9
88 92 69 51 60  => 11
84 97 57 72 25  => 11
92 23 37 22 39  => 10
75 81 30 79 4  => 11
61 71 76 90 74  => 11
54 51 100 79 9  => 12
57 52 37 51 59  => 9
94 99 29 83 1  => 11
57 2 30 37 97  => 10
22 69 59 45 4  => 10
3 39 41 85 54  => 11
67 21 96 19 1  => 12
99 19 5 32 40  => 9
74 28 60 97 9  => 11
4 8 29 90 6  => 11
63 30 74 10 17  => 12
95 46 88 2 70  => 10
34 75 66 90 35  => 10
39 91 90 64 21  => 10
14 70 73 18 88  => 11
8 61 92 91 21  => 11
4 38 25 96 100  => 10
72 68 53 12 5  => 10
19 94 80 36 78  => 10
92 10 12 65 41  => 11
59 63 16 31 25  => 11
12 42 77 11 89  => 11
70 49 43 20 33  => 9
64 61 84 45 47  => 12
36 68 14 67 32  => 11
32 43 25 44 74  => 11
74 37 73 72 89  => 10
48 4 49 34 61  => 12
6 46 79 84 50  => 11
93 10 25 17 47  => 10
65 84 13 73 95  => 11
95 49 79 80 60  => 11
64 67 28 50 37  => 11
60 81 75 44 9  => 10
81 65 15 75 40  => 10
27 46 68 67 42  => 11
73 41 66 12 47  => 10
66 100 99 96 44  => 10
42 90 27 58 77  => 11
19 49 51 25 3  => 11
20 39 83 36 94  => 11
53 92 2 17 72  => 11
75 69 24 66 46  => 10
78 92 100 49 90  => 11
69 95 89 33 49  => 10
19 14 77 94 53  => 12
25 72 60 41 13  => 10
52 15 54 30 67  => 12
25 3 54 24 45  => 12
3 80 28 91 53  => 10
9 17 8 81 43  => 11
44 92 100 52 77  => 11
86 2 97 80 30  => 12
47 4 87 82 10  => 12
26 34 98 7 70  => 11
99 71 56 65 87  => 9
95 16 58 41 37  => 11
52 23 25 6 75  => 10
75 98 17 9 52  => 11
69 86 10 66 78  => 11
9 20 47 87 94  => 11
1 3 96 37 56  => 11
91 72 20 79 24  => 10
6 100 94 18 44  => 10
4 18 11 90 89  => 10
38 54 100 37 6  => 11
93 63 91 53 12  => 11
54 20 85 42 11  => 12
68 29 33 88 31  => 11
96 73 59 18 55  => 9
56 4 13 41 89  => 10
97 72 80 31 56  => 10
93 46 54 70 41  => 11
24 35 78 79 19  => 11
63 68 39 94 23  => 11
70 86 18 22 26  => 11
3 96 40 51 35  => 10
22 3 44 20 6  => 12
89 4 10 83 100  => 10
53 7 80 99 70  => 12
89 15 42 3 16  => 10
12 31 77 82 95  => 11
1 23 68 51 12  => 11
13 91 48 65 97  => 10
66 8 23 65 42  => 11
64 24 85 26 27  => 12
81 52 77 18 51  => 10
90 96 81 48 93  => 11
70 50 80 89 30  => 12
83 11 6 58 47  => 10
10 51 92 5 67  => 11
59 11 73 51 62  => 12
22 38 71 81 36  => 11
61 97 46 18 1  => 11
99 71 47 82 60  => 10
1 11 53 56 59  => 11
54 89 14 95 39  => 11
15 40 14 27 50  => 11
2 62 14 32 65  => 10
59 52 3 36 55  => 9
47 45 76 70 33  => 12
10 99 68 50 49  => 10
5 61 21 29 95  => 10
84 5 35 40 52  => 10
11 63 93 60 80  => 11
62 93 20 77 80  => 11
8 13 83 78 92  => 11
4 91 49 25 29  => 10
81 2 30 26 3  => 11
28 88 22 18 51  => 11
79 15 49 6 1  => 11
22 86 27 13 96  => 10
74 67 90 15 7  => 12
8 33 66 62 50  => 11
7 5 22 90 98  => 12
42 82 22 88 81  => 11
6 47 30 1 33  => 10
29 42 55 50 1  => 11
20 2 16 36 79  => 10
30 54 43 95 11  => 10
91 48 92 41 13  => 12
54 36 18 28 47  => 9
38 59 87 43 80  => 11
93 29 17 65 97  => 9
34 60 96 26 29  => 11
66 16 73 33 95  => 12
100 10 24 14 18  => 10
10 29 82 38 75  => 11
50 42 45 100 73  => 11
34 69 19 26 40  => 11
16 27 13 71 59  => 11
24 31 61 68 9  => 11
78 87 88 90 36  => 11
4 97 22 30 28  => 10
58 13 49 27 40  => 10
79 59 70 83 28  => 11
92 53 87 41 34  => 11
60 6 86 67 23  => 12
54 45 77 94 3  => 12
58 35 29 13 97  => 9
43 94 42 49 13  => 11
42 90 58 47 63  => 10
68 36 23 11 42  => 9
13 77 27 42 44  => 10
10 76 15 6 52  => 10
69 99 44 80 59  => 11
30 25 23 90 24  => 10
9 91 19 40 83  => 10
32 90 26 17 79  => 11
2 71 7 17 4  => 10
55 15 23 88 48  => 11
17 71 97 74 46  => 11
47 1 72 15 37  => 12
21 19 53 32 81  => 12
47 3 46 38 41  => 10
79 12 25 41 42  => 10
67 62 20 46 54  => 9
1 89 90 97 92  => 11
77 29 53 72 74  => 10
17 54 91 60 47  => 11
21 28 39 12 52  => 11
6 38 15 5 61  => 10
76 72 17 27 7  => 10
42 80 67 36 4  => 10
66 83 56 62 20  => 11
83 55 63 1 33  => 10
98 99 82 62 92  => 11
15 70 37 94 67  => 10
43 87 48 66 11  => 10
55 45 33 18 71  => 9
49 5 84 13 97  => 12
60 68 27 19 7  => 11
30 51 47 48 21  => 10
99 83 4 40 34  => 10
74 98 25 34 17  => 11
98 19 33 87 39  => 11
49 99 26 68 65  => 11
20 26 75 16 56  => 11
70 46 33 68 40  => 10
64 34 89 47 83  => 12
63 58 13 49 92  => 9
82 47 40 28 95  => 9
51 41 52 2 62  => 12
26 19 46 36 69  => 12
21 90 94 56 52  => 11
55 57 94 78 28  => 11
25 65 89 12 84  => 11
51 17 35 83 79  => 11
7 35 57 79 45  => 11
33 20 99 60 75  => 12
9 33 60 84 14  => 11
97 64 57 4 18  => 9
23 78 67 62 39  => 10
60 36 80 75 86  => 12
85 94 87 46 90  => 10
14 62 96 25 65  => 11
45 36 13 17 1  => 10
91 3 36 76 4  => 11
33 24 68 65 41  => 12
44 69 13 77 38  => 11
60 89 6 70 87  => 11
50 71 34 35 83  => 11
63 65 86 17 27  => 11
90 75 18 80 68  => 10
51 77 46 43 89  => 11
90 3 33 28 44  => 10
14 98 24 35 18  => 10
26 66 52 78 84  => 10
28 31 52 66 18  => 11
62 49 88 51 94  => 12
22 81 8 92 47  => 11
7 40 87 91 48  => 11
2 96 23 85 8  => 10
99 100 42 89 4  => 11
70 23 65 53 99  => 10
14 59 68 46 19  => 11
14 12 41 18 67  => 12
16 8 13 89 41  => 11
44 50 87 7 74  => 11
88 57 20 14 17  => 9
95 50 13 69 10  => 10
53 97 31 28 56  => 11
49 94 50 64 32  => 10
70 82 78 11 12  => 10
81 30 27 23 98  => 9
93 85 42 68 72  => 9
69 6 66 51 53  => 10
71 96 39 64 5  => 11
18 51 34 73 2  => 10
35 29 92 47 49  => 12
17 36 49 20 61  => 11
59 53 23 1 63  => 9
32 98 44 95 60  => 10
22 69 85 6 17  => 11
5 47 40 19 75  => 10
24 89 88 15 45  => 10
19 41 65 57 5  => 11
17 54 52 32 76  => 10
94 63 48 33 24  => 10
73 40 45 96 54  => 11
30 1 40 98 92  => 12
12 85 37 33 72  => 10
81 88 92 35 98  => 11
49 57 38 69 66  => 11
26 2 100 92 38  => 12
27 5 44 18 77  => 12
61 7 28 68 55  => 11
27 92 58 84 54  => 10
19 92 84 43 68  => 10
78 42 12 17 67  => 9
40 80 36 56 33  => 11
14 18 50 19 67  => 11
49 65 95 50 9  => 11
67 64 37 97 32  => 10
14 52 71 85 22  => 11
62 15 96 91 48  => 12
6 99 3 27 18  => 11
65 100 19 12 61  => 11
56 43 8 99 32  => 10
99 78 45 32 75  => 9
69 20 42 15 26  => 10
66 99 37 98 28  => 11
78 93 72 3 57  => 11
77 28 65 54 48  => 11
39 80 74 48 17  => 10
39 51 90 48 94  => 11
92 13 98 33 26  => 12
66 34 89 56 16  => 12
28 8 64 70 95  => 12
73 38 80 95 88  => 12
12 5 45 20 79  => 12
30 83 92 77 62  => 11
75 84 83 73 5  => 10
40 1 71 63 96  => 12
75 34 97 21 14  => 12
64 5 4 40 20  => 10
21 79 20 16 96  => 11
66 23 3 59 64  => 9
18 45 100 11 74  => 11
62 2 50 12 92  => 10
100 77 74 99 49  => 10
40 31 100 46 29  => 12
64 27 4 5 73  => 9
50 100 82 77 7  => 10
54 60 28 59 47  => 11
74 94 15 30 69  => 11
33 4 75 72 100  => 12
32 35 54 53 60  => 11
9 79 76 36 17  => 10
99 85 13 87 3  => 10
27 68 28 43 99  => 10
97 99 53 82 65  => 11
9 1 20 13 72  => 12
14 89 72 39 20  => 10
87 91 47 92 17  => 11
41 66 9 27 46  => 11
82 36 62 47 66  => 10
65 15 44 9 54  => 10
35 99 51 32 4  => 10
25 59 22 97 77  => 11
51 29 78 80 85  => 12
100 50 33 60 22  => 10
8 77 38 76 80  => 10
41 6 81 89 69  => 12
50 17 93 35 36  => 12
76 35 45 52 11  => 11
34 60 40 57 77  => 10
37 97 27 90 53  => 11
62 90 54 23 76  => 11
68 32 40 48 1  => 11
60 64 42 98 51  => 11
55 50 17 41 54  => 9
24 22 78 98 4  => 12
34 17 78 67 79  => 12
45 36 59 67 99  => 12
6 72 61 24 43  => 10
8 21 54 97 74  => 11
22 31 63 87 79  => 11
45 72 48 63 69  => 10
15 99 25 97 71  => 10
55 17 3 78 60  => 10
8 11 5 15 45  => 11
80 94 83 68 62  => 10
45 12 47 58 8  => 12
98 37 39 89 59  => 11
16 63 14 2 79  => 11
85 42 87 70 23  => 12
47 34 90 62 11  => 12
49 93 87 46 2  => 10
42 87 25 83 45  => 11
87 91 46 20 67  => 11
84 98 7 53 26  => 11
33 85 80 46 15  => 10
5 32 60 49 50  => 11
79 2 91 74 53  => 12
91 67 33 46 71  => 9
93 45 7 85 86  => 9
29 90 31 48 17  => 10
35 75 87 98 13  => 11
58 40 36 43 72  => 9
16 13 10 74 20  => 10
57 6 34 12 97  => 10
47 66 74 50 27  => 11
72 86 43 1 29  => 11
79 15 49 47 13  => 11
64 80 98 25 66  => 11
53 71 11 30 18  => 11
60 78 28 86 96  => 11
12 97 88 37 66  => 10
26 2 14 89 24  => 11
73 70 72 15 77  => 10
9 27 20 97 70  => 10
4 60 83 82 30  => 11
87 88 38 63 8  => 11
72 24 87 77 3  => 12
47 62 21 96 50  => 11
36 17 34 97 31  => 11
44 22 51 52 90  => 12
25 19 18 47 37  => 10
95 100 96 59 57  => 10
39 79 28 57 21  => 11
60 82 37 80 45  => 11
85 35 99 67 24  => 12
29 72 84 2 80  => 11
37 43 66 15 7  => 11
49 47 97 18 11  => 12
67 62 34 64 9  => 10
21 23 61 38 45  => 11
63 78 66 23 16  => 10
64 99 92 72 40  => 10
70 52 91 44 97  => 12
63 23 18 47 1  => 10
94 7 46 29 4  => 11
97 84 74 51 15  => 10
61 46 21 22 7  => 10
1 68 60 73 46  => 10
71 76 40 4 88  => 11
43 7 83 28 89  => 12
59 83 28 68 22  => 11
100 58 36 10 66  => 9
56 42 21 98 97  => 10
31 19 81 37 12  => 12
19 82 81 22 75  => 10
5 99 46 41 75  => 10
80 74 8 53 68  => 9
67 35 37 87 80  => 11
11 66 84 82 67  => 11
64 10 31 2 42  => 10
86 7 75 57 66  => 10
93 95 49 83 19  => 11
15 90 79 47 8  => 10
83 16 95 68 87  => 12
25 39 94 85 21  => 11
87 94 53 80 52  => 11
91 35 8 99 22  => 10
42 86 34 40 66  => 11
6 31 41 20 79  => 11
92 64 65 26 25  => 11
63 50 68 81 54  => 12
19 58 16 95 18  => 11
48 35 57 2 61  => 12
60 95 59 90 70  => 11
65 15 26 93 45  => 11
64 13 57 9 35  => 10
3 29 18 93 66  => 10
50 100 65 15 77  => 10
18 99 39 81 16  => 10
35 31 57 27 75  => 12
67 11 60 81 69  => 11
48 74 70 32 12  => 10
96 40 80 2 26  => 10
38 88 100 26 42  => 11
92 71 90 33 59  => 10
25 74 99 89 42  => 11
57 76 68 43 7  => 10
63 87 23 88 76  => 11
34 17 11 82 53  => 10
33 13 99 26 77  => 12
6 64 52 3 12  => 10
20 37 24 93 5  => 10
44 88 71 4 58  => 10
11 59 3 66 47  => 11
68 30 17 1 66  => 9
32 99 7 21 100  => 11
26 56 52 11 10  => 10
75 93 48 25 73  => 11
51 64 53 93 41  => 10
82 84 93 44 48  => 11
83 49 15 94 76  => 10
36 41 84 29 88  => 11
87 70 22 61 28  => 10
71 33 37 98 97  => 11
33 20 18 63 24  => 10
55 100 16 5 89  => 11
53 38 64 32 48  => 12
77 65 66 34 98  => 10
44 49 43 67 73  => 11
49 26 3 72 67  => 10
96 11 100 94 35  => 12
23 61 100 16 40  => 11
8 63 64 56 89  => 11
34 22 53 46 30  => 12
28 16 2 79 99  => 9
18 45 74 55 64  => 11
88 39 4 30 24  => 10
65 40 61 34 24  => 11
39 27 56 57 59  => 12
85 86 67 42 78  => 11
22 78 100 75 2  => 11
96 90 9 20 93  => 9
11 9 71 42 3  => 12
55 1 16 78 56  => 11
81 72 30 61 55  => 10
50 78 9 46 52  => 11
6 90 48 31 76  => 10
46 87 54 88 86  => 10
15 24 2 54 27  => 11
8 15 34 17 93  => 11
20 79 34 36 74  => 10
62 49 93 91 44  => 12
96 41 52 59 40  => 11
63 49 1 5 17  => 9
41 23 61 69 28  => 12
21 44 48 95 23  => 11
40 44 37 54 91  => 11
87 59 60 49 68  => 10
5 21 47 33 26  => 11
69 65 92 48 90  => 12
47 29 59 81 10  => 12
57 40 85 70 33  => 12
6 5 13 81 69  => 12
55 84 95 7 80  => 11
31 17 19 72 34  => 11
56 55 53 28 19  => 10
59 53 26 28 80  => 9
100 32 96 60 49  => 11
44 35 24 54 33  => 10
35 51 19 100 65  => 11
75 79 33 22 86  => 11
24 45 3 85 7  => 11
95 81 18 51 80  => 9
3 80 84 30 19  => 11
1 61 21 75 8  => 10
62 84 31 86 44  => 11
90 47 85 68 61  => 11
9 85 68 5 24  => 10
80 59 28 19 63  => 9
20 25 77 8 52  => 11
58 24 70 27 84  => 12
74 9 84 18 88  => 12
88 55 54 87 23  => 10
83 19 32 86 91  => 10
38 50 87 37 48  => 11
21 93 71 44 58  => 10
27 92 14 43 32  => 11
28 66 48 94 23  => 10
28 16 62 65 45  => 12
98 68 70 50 36  => 11
65 92 54 61 79  => 11
57 7 16 98 11  => 11
81 57 60 45 27  => 11
52 61 21 78 32  => 11
58 69 67 87 94  => 10
51 87 18 5 47  => 11
24 67 11 95 88  => 11
96 78 85 65 38  => 11
79 80 6 44 49  => 11
33 2 91 7 51  => 12
43 80 17 64 98  => 11
81 72 22 99 92  => 10
72 41 9 11 14  => 9
84 32 17 89 29  => 10
84 50 99 14 71  => 12
76 7 60 38 13  => 11
96 39 60 58 15  => 11
11 88 21 14 82  => 10
37 23 8 87 17  => 10
17 9 12 99 26  => 11
5 47 39 93 34  => 10
1 81 32 45 5  => 10
98 81 71 67 54  => 10
61 76 96 26 36  => 11
16 30 83 87 20  => 11
30 2 5 91 78  => 11
20 79 98 33 7  => 11
22 48 59 57 69  => 11
35 38 24 84 33  => 11
2 27 36 94 21  => 11
19 74 2 41 51  => 11
86 37 76 70 2  => 11
52 47 82 46 15  => 12
92 84 14 18 63  => 9
78 23 14 30 100  => 9
92 3 96 47 26  => 12
73 91 79 89 17  => 10
8 44 70 55 50  => 11
74 90 88 7 33  => 10
85 81 92 29 50  => 12
70 22 87 2 92  => 12
64 96 7 77 99  => 11
22 10 94 56 36  => 12
48 45 72 47 85  => 12
38 40 9 100 28  => 11
54 68 100 90 36  => 11
87 40 75 79 45  => 11
87 36 61 17 32  => 10
52 1 83 20 69  => 12
80 50 90 72 20  => 12
90 98 46 33 11  => 11
52 20 40 82 94  => 10
11 4 40 38 78  => 12
85 83 69 8 82  => 9
85 14 60 25 95  => 10
83 42 73 7 5  => 11
86 31 12 77 70  => 10
10 85 79 76 47  => 10
18 58 4 28 43  => 11
55 19 51 22 89  => 10
65 47 16 90 32  => 10
91 50 98 10 85  => 12
74 46 33 57 1  => 10
96 99 75 63 8  => 11
2 37 77 46 8  => 11
70 31 35 6 85  => 10
19 4 3 95 2  => 10
70 96 22 29 62  => 11
49 1 18 97 71  => 11
84 11 47 38 87  => 10
43 95 23 76 82  => 11
73 56 41 14 37  => 9
85 27 97 28 22  => 12
66 3 84 29 77  => 12
10 23 94 43 93  => 11
65 94 59 16 39  => 11
47 56 89 84 98  => 11
72 93 81 36 44  => 10
52 85 61 12 86  => 10
28 14 81 86 88  => 12
66 70 27 76 15  => 11
36 47 23 86 15  => 11
12 21 94 1 89  => 11
86 72 32 20 12  => 10
70 18 81 51 85  => 12
79 40 3 44 74  => 9
66 16 97 27 87  => 12
61 44 59 27 97  => 10
32 54 29 31 28  => 11
43 18 70 34 49  => 12
18 53 48 85 67  => 10
4 28 87 83 59  => 11
42 2 7 10 98  => 10
84 85 51 92 8  => 11
38 76 28 55 95  => 11
80 49 51 86 83  => 11
78 71 7 56 90  => 9
91 5 3 81 78  => 10
58 31 11 33 85  => 9
46 67 75 14 35  => 11
27 30 95 62 99  => 11
67 31 71 40 100  => 12
27 44 28 35 26  => 10
80 78 15 85 41  => 10
10 70 95 72 30  => 11
66 5 91 62 4  => 12
70 67 13 44 56  => 9
93 4 66 27 73  => 10
60 75 72 20 5  => 10
84 15 53 51 18  => 11
51 3 66 45 96  => 12
83 26 96 87 66  => 12
24 65 7 4 38  => 11
15 9 37 71 100  => 12
23 6 27 4 73  => 12
90 84 73 12 97  => 9
67 39 29 14 50  => 9
84 70 81 64 13  => 11
3 6 21 35 12  => 11
57 31 9 49 66  => 9
42 95 65 41 11  => 10
53 99 33 65 36  => 11
93 49 34 61 43  => 10
97 21 94 60 66  => 10
35 86 50 51 89  => 10
55 19 7 49 29  => 10
71 80 57 76 10  => 11
36 5 80 87 62  => 12
14 22 99 42 5  => 11
40 53 57 89 68  => 11
99 86 57 6 61  => 9
60 89 97 43 79  => 11
8 49 48 68 92  => 10
81 58 86 12 25  => 12
2 61 89 65 8  => 11
51 87 38 20 3  => 11
18 66 83 14 7  => 11
100 60 98 42 29  => 11
40 65 69 89 27  => 11
84 50 35 24 25  => 9
57 6 99 65 83  => 12
81 55 31 15 98  => 9
98 44 12 95 21  => 10
92 88 38 67 75  => 9
78 98 26 12 33  => 11
29 27 9 83 85  => 9
86 89 94 8 42  => 11
52 54 41 21 40  => 11
50 12 49 93 59  => 11
57 27 97 5 72  => 12
59 75 24 98 58  => 11
6 57 75 58 83  => 11
