10 92 74 81 18  =>       14
10 92 74 81 18  =>       14
10 92 74 81 18  =>       14
10 92 74 81 18  =>       14
10 92 74 81 18  =>       14
10 92 74 81 18  =>       14
10 92 74 81 18  =>       14
10 92 74 81 18  =>       14
10 92 74 81 18  =>       14
10 92 74 81 18  =>       14
 =>        1
 =>        1
 =>        1
 =>        1
 =>        1
 =>        1
 =>        1
 =>        1
 =>        1
 =>        1
 =>        1
 =>        1
 =>        1
 =>        1
 =>        1
 =>        1
 =>        1
 =>        1
41 17 23 88 34  =>        9
77 8 53 20 76  =>        8
46 3 37 56 54  =>       11
31 43 16 37 46  =>        8
91 35 43 56 88  => 
77 76 23 38 32  => 
71 30 6 39 8  => 1
57 72 36 22 52  => 1
55 83 67 21 96  => 1
90 24 97 52 88  => 1
29 33 62 6 43  => 1
15 75 93 39 87  => 1
15 63 55 12 40  =>       10
1 55 85 44 84  =>       12
31 61 86 5 51  =>       10
17 3 87 95 18  =>       10
52 44 97 69 38  =>       11
38 36 78 51 32  =>       11
24 77 8 83 25  =>        9
10 18 38 15 68  =>       11
46 59 68 97 11  =>       10
32 51 49 79 5  =>        8
17 41 78 60 48  =>       11
53 83 9 93 42  =>        7
39 75 89 25 85  =>       12
25 66 69 7 28  =>       10
60 7 99 89 72  =>       11
96 48 30 21 65  =>        6
82 39 60 2 8  =>        8
18 30 90 84 1  =>       11
54 72 21 17 95  =>        7
40 63 51 99 39  =>        8
26 5 81 31 82  =>       10
62 47 12 13 76  =>        5
48 23 90 57 82  =>       12
84 14 20 89 25  =>        9
20 5 100 71 68  =>       11
6 97 80 3 12  =>       10
91 38 10 85 55  =>        9
78 30 91 67 49  =>        9
63 70 71 99 92  =>       11
99 12 2 31 86  =>        7
35 53 81 63 79  =>       12
71 95 12 45 73  =>        6
56 86 92 27 65  =>       10
42 27 72 9 6  =>        7
28 19 3 91 78  =>       11
14 10 33 73 96  =>        9
99 1 12 4 89  =>        8
86 43 44 87 33  =>        8
72 84 24 69 76  =>        6
8 75 54 1 20  =>       10
93 66 34 33 13  =>        7
79 7 14 65 6  =>        8
61 82 1 97 35  =>        7
97 23 82 80 28  =>        9
33 64 62 61 22  =>        9
18 6 42 93 65  =>       11
54 47 72 75 58  =>       10
40 38 53 7 2  =>        7
75 79 82 39 45  =>        8
12 71 13 72 39  =>        9
49 40 17 1 39  =>        6
35 32 47 83 14  =>       10
21 23 78 16 27  =>       12
57 14 8 98 20  =>        9
42 5 38 29 13  =>        9
28 47 18 61 6  =>        6
14 88 99 44 100  =>       11
100 29 75 43 46  =>       10
86 71 59 58 87  =>        6
22 62 40 30 41  =>        9
8 4 70 22 24  =>       12
44 95 100 4 17  =>        8
79 36 30 86 60  =>        9
